73514 40.892345
73457 3.62082
73431 14.196093
73431 2.645072
73431 6.513232
73406 6.8009
73404 2.599868
73392 6.919933
73392 6.769103
73385 6.732688
73324 2.752827
73307 2.651272
73307 10.343938
73278 10.437105
73276 2.474653
73270 6.586136
73270 2.664983
73270 6.621357
73215 6.671735
73209 2.522308
73209 6.566885
73209 2.449207
73209 6.655752
73196 6.675998
73196 2.713969
73119 7.071808
73072 2.452144
73072 10.49647
73028 2.479253
73028 2.80622
73028 10.559658
73028 2.463982
73028 6.692844
73016 2.50087
73014 6.51757
73009 6.598068
72994 2.622211
72969 6.552188
72926 6.794567
72900 2.507332
72897 6.565268
72880 6.672068
72868 2.487521
72793 6.600759
72793 2.141039
72793 2.362265
72793 9.813093
72724 1.365556
72724 1.44713
72724 3.724274
72698 1.507844
72641 8.872939
72641 1.517386
72616 1.459458
72591 1.451748
72591 6.533117
72576 1.43975
72576 1.516912
72576 1.422891
72576 1.467303
72569 5.691233
72530 1.51961
72487 1.263483
72483 5.586099
72483 9.065122
72466 1.255559
72466 1.117084
72466 1.012202
72463 1.042577
72463 1.074913
72462 4.792855
72462 1.092325
72435 1.045064
72435 5.226507
72432 1.100908
72432 1.056304
72395 1.028958
72395 6.303882
72384 1.037394
72384 3.117716
72353 1.066012
72353 1.281777
72311 1.052489
72311 1.019902
72311 1.127618
72282 1.047076
72233 1.016564
72233 1.017058
72196 1.065677
72160 1.133875
72111 1.684307
72111 1.160931
72058 1.00855
72058 1.094411
72058 1.077078
72021 1.121548
72021 1.025497
72003 1.044105
72003 1.117475
71985 1.027008
71985 1.061813
71912 1.053495
71896 1.823112
71896 8.474103
71896 1.011281
71862 1.098172
71821 1.037287
71821 1.043849
71799 1.03234
71780 8.95089
71766 1.043425
71728 1.008567
71711 5.139949
71711 1.052701
71672 1.194519
71672 1.271689
71666 1.841739
71666 1.100327
71636 3.199199
71636 1.050492
71636 1.071393
71636 1.068701
71636 1.046217
71632 1.056172
71618 7.198675
71618 1.092457
71604 1.059499
71598 1.265009
71598 1.260661
71533 1.655185
71489 1.069902
71479 1.136558
71479 1.062414
71479 1.047048
71479 1.444659
71479 1.984051
71479 1.556381
71469 1.061132
71469 1.054586
71431 1.049194
71431 1.209328
71431 1.073079
71431 1.776879
71430 1.051398
71424 1.330782
71424 1.88146
71412 1.065786
71403 1.0417
71400 1.074917
71399 1.058706
71399 1.038656
71370 1.088132
71370 1.058809
71370 1.055628
71370 1.022495
71360 1.613626
71360 1.055621
71348 1.050135
71328 1.594081
71324 1.982632
71298 1.053973
71287 1.081796
71287 1.094845
71283 1.039679
71283 1.051743
71283 1.041008
71267 1.066472
71255 1.119545
71228 1.710008
71205 1.031871
71191 1.029715
71191 1.221215
71189 1.080657
71184 1.026732
71184 1.047617
71134 1.080453
71134 1.068841
71112 1.056646
71112 1.101585
71112 1.202182
71104 1.653062
71104 1.633605
71102 1.081258
71102 1.044413
71095 1.047425
71095 1.601886
71095 1.071105
71095 1.077604
71094 1.069049
71068 1.070998
71009 1.108999
71009 1.411805
70998 1.99105
70998 1.601186
70998 1.601598
70998 1.071655
70962 1.054828
70935 1.119947
70923 1.072983
70889 1.053114
70889 1.055723
70872 1.089136
70861 1.049342
70837 1.27351
70837 1.054414
70776 1.091788
70776 1.049084
70776 1.582104
70776 1.094559
70747 1.060243
70747 1.054862
70747 1.077742
70738 1.117844
70738 1.065187
70703 1.107177
70664 1.091932
70664 1.058945
70664 1.055297
70664 1.08099
70664 1.978059
70656 1.07523
70610 1.307096
70610 1.183622
70610 1.05398
70609 1.051197
70599 1.076038
70599 1.150511
70599 1.066742
70583 1.088979
70583 1.061462
70583 1.081896
70583 1.090205
70583 1.971274
70559 1.108665
70559 1.114822
70559 1.077992
70559 1.06022
70485 1.065201
70485 1.109437
70485 1.092978
70485 1.153746
70470 1.086897
70464 1.093264
70460 1.078113
70460 1.215213
70433 2.036779
70413 1.111912
70363 1.125844
70353 1.102399
70263 1.043435
70263 1.060202
70247 1.129719
70205 1.087633
70188 1.05235
70188 1.207394
70131 1.123646
70113 1.456239
70100 1.094817
70095 1.990318
70095 1.07658
70086 1.100283
70050 1.063927
70050 1.17805
70050 1.097785
70040 1.065609
70017 1.281581
70017 1.075814
69979 1.283797
69956 1.111035
69956 1.124071
69955 1.075491
69955 1.982647
69955 1.094297
69909 1.144479
69882 1.050694
69882 1.140056
69804 1.051979
69774 1.080045
69774 1.084514
69747 1.196905
69747 1.101703
69747 1.094211
69726 1.088009
69726 1.166389
69726 2.080827
69726 1.148635
69708 1.065761
69690 1.057431
69690 1.152903
69690 1.270404
69672 1.191659
69650 1.065858
69650 1.333972
69650 1.182762
69628 1.110276
69628 1.085249
69628 1.087298
69628 1.817811
69578 1.133376
69578 1.069701
69578 1.05783
69578 1.121474
69578 1.096568
69545 1.063172
69545 1.064454
69545 1.105083
69545 1.203228
69537 1.079169
69537 1.099875
69537 1.155502
69529 1.860381
69529 1.125311
69529 1.106748
69526 1.107595
69500 1.137806
69500 1.203598
69480 1.111215
69480 1.062889
69458 1.1048
69458 1.12053
69458 1.175167
69457 1.134688
69429 1.164249
69417 1.738976
69397 1.170529
69397 1.214866
69388 1.090887
69388 1.109118
69382 1.096647
69382 1.121707
69377 1.118583
69377 1.138152
69367 1.14838
69330 1.111463
69330 1.210292
69330 1.13454
69323 1.671148
69323 1.122463
69311 1.163025
69311 1.090645
69279 1.099063
69270 1.131201
69270 1.152902
69270 1.146396
69270 1.384891
69270 1.156247
69244 1.085811
69240 1.129125
69240 1.221822
69240 1.70511
69203 1.129348
69203 1.142606
69201 1.091459
69201 1.128514
69190 1.089405
69184 1.187889
69184 1.236096
69184 1.545119
69180 1.19083
69147 1.127321
69147 1.108179
69147 1.23982
69144 1.731218
69144 1.148939
69125 1.179138
69109 1.093566
69109 1.144819
69109 1.147439
69070 1.116683
69045 1.089526
69045 1.104292
69036 1.153838
69033 1.146847
69033 1.237298
69033 1.210896
69033 1.783986
69033 1.116557
69033 1.123644
69033 1.15583
69033 1.112137
69033 1.12664
69033 1.140098
69033 1.120572
69033 1.19941
69021 1.199893
69011 1.157238
68999 1.152079
68990 3.206368
68972 1.695808
68972 1.15681
68972 1.189804
68972 1.194842
68970 1.147147
68962 1.15307
68954 1.160702
68954 1.135122
68954 1.195594
68940 1.16179
68940 1.177842
68940 1.112385
68884 2.066906
68874 1.661686
68867 1.601872
68831 1.200885
68807 1.120923
68807 1.132831
68807 1.199345
68777 1.157729
68776 1.120908
68763 1.277258
68737 1.136265
68729 1.095882
68707 1.118683
68707 2.022702
68661 1.136631
68641 1.095006
68641 1.138028
68629 1.233567
68611 1.123175
68611 1.114168
68611 1.149155
68611 1.118908
68596 1.125347
68596 1.295538
68596 1.1008
68588 1.149341
68588 1.935497
68574 1.151389
68556 1.146983
68556 1.146646
68556 1.133032
68556 1.207564
68556 1.145144
68556 1.194217
68551 1.190527
68551 1.159166
68551 1.300757
68544 1.135859
68544 1.135508
68514 1.99824
68514 1.133056
68486 1.134002
68471 1.114702
68471 1.164088
68469 1.104826
68461 1.117099
68461 1.153167
68441 1.138771
68441 1.132942
68419 1.136278
68348 1.275686
68348 1.143718
68346 1.961713
68346 1.162493
68323 1.18843
68303 1.171757
68303 1.148947
68303 1.16554
68257 1.152655
68257 1.115576
68250 1.14215
68246 1.110504
68246 1.175464
68246 1.123667
68213 1.306057
68213 1.916898
68213 1.151124
68189 1.200176
68181 1.16612
68140 1.130252
68140 1.146852
68140 1.190165
68137 1.208357
68137 1.156071
68128 1.14086
68128 1.128613
68123 1.199421
68074 1.228113
68067 1.71346
68067 1.164596
68067 1.168567
68037 1.336134
68037 1.286767
68037 1.171413
68012 1.16713
68003 1.194831
67985 1.158402
67982 1.142797
67982 1.203195
67968 1.152016
67945 1.253278
67922 1.878554
67922 1.178735
67922 1.126824
67922 1.162432
67919 1.138431
67919 1.13979
67899 1.149631
67899 1.18714
67886 1.165329
67886 1.112005
67886 1.162191
67885 1.117271
67885 2.192593
67860 1.226418
67860 1.118286
67860 1.155004
67860 1.511036
67830 1.186111
67827 1.131747
67800 1.161816
67800 1.197093
67800 1.191686
67800 1.122718
67800 1.190522
67800 1.283065
67800 2.213396
67787 1.164509
67787 1.210312
67787 1.179968
67787 1.166884
67786 1.187917
67744 1.156337
67723 1.192431
67717 1.167677
67717 1.147812
67717 1.249053
67717 1.385232
67704 1.201643
67704 2.110565
67704 1.197215
67686 1.164289
67680 1.14487
67680 1.209658
67680 1.156246
67680 1.147299
67671 1.204619
67662 1.147195
67662 1.147522
67653 1.161251
67642 1.212599
67614 1.51312
67614 5.283298
67609 1.261952
67609 1.27913
67609 1.300519
67609 1.255878
67552 1.709704
67523 1.692508
67523 1.169383
67521 1.130713
67521 1.291279
67521 2.01217
67521 7.393079
67521 1.194724
67513 5.321875
67464 1.176366
67430 5.338569
67430 1.1527
67430 1.163153
67424 1.14288
67424 5.25242
67413 1.184786
67413 1.20656
67409 5.406318
67406 1.151598
67385 1.316693
67352 3.295381
67328 1.743057
67326 1.188161
67315 1.307912
67269 7.055558
67247 1.388503
67246 1.171925
67229 1.125234
67229 1.129663
67229 1.144722
67203 1.183514
67203 1.149161
67137 1.1217
67137 1.23087
67110 1.799726
67110 1.174209
67110 1.495872
67110 1.600314
67110 1.427483
67098 1.128879
67098 1.231116
67098 1.152593
67098 1.184352
67074 1.146761
67047 1.122553
67047 1.181857
66974 3.547691
66961 1.223961
66951 1.15223
66951 1.209121
66902 1.151222
66891 1.155616
66891 1.186362
66891 1.16908
66891 1.26218
66891 1.158828
66865 1.203203
66810 1.257341
66747 1.250321
66747 3.520267
66714 1.269795
66688 1.207453
66663 1.315456
66655 1.199445
66655 1.196053
66655 1.194523
66655 1.229012
66655 1.204224
66655 1.207664
66655 1.193044
66644 1.399247
66623 1.299385
66607 1.93645
66607 1.206616
66607 1.185286
66589 1.16174
66577 1.178798
66577 1.18204
66577 1.186314
66539 1.190008
66510 1.169217
66506 1.146079
66505 1.162657
66505 1.388497
66482 1.164743
66482 1.831614
66482 1.166892
66482 1.228737
66482 1.158693
66482 1.147416
66468 1.209924
66461 1.179631
66461 1.243617
66461 1.191272
66461 1.166652
66431 1.209586
66421 1.234138
66413 1.260052
66413 1.745126
66391 1.26513
66391 1.1851
66391 1.157127
66391 1.205693
66385 1.282879
66381 1.165788
66357 1.160859
66357 1.2221
66357 1.228486
66350 1.146112
66310 1.302018
66310 1.33244
66272 1.781891
66262 1.221787
66262 1.196572
66252 1.231593
66238 1.246444
66238 1.183963
66215 1.230892
66215 1.201778
66215 1.212213
66190 1.183775
66182 1.201473
66182 1.229181
66181 3.526394
66095 1.246709
66095 1.186087
66095 1.283701
66095 1.235174
66095 1.293617
66069 1.218835
66063 1.219744
66051 1.244511
66045 1.236036
66045 1.207739
66045 1.219024
66032 1.203951
66028 2.021015
66007 1.235085
66007 1.218418
66000 1.217115
65990 1.182945
65990 1.18961
65959 1.301387
65959 1.194728
65918 1.278786
65918 1.210527
65918 1.224764
65892 1.185393
65874 1.308161
65874 1.907963
65861 1.204299
65861 1.269908
65856 1.189288
65856 1.18874
65815 1.345738
65801 1.211222
65753 1.199859
65747 1.305335
65747 1.198369
65747 1.195276
65747 1.250103
65747 1.194874
65747 1.844657
65745 1.238761
65733 1.23199
65731 1.214898
65731 1.288012
65721 1.19998
65721 1.236049
65721 1.258724
65721 1.306147
65721 1.198138
65717 1.239861
65688 1.211463
65679 1.225195
65675 1.720642
65675 1.25953
65675 1.236413
65669 1.35491
65669 1.222878
65669 1.244607
65669 1.211934
65669 1.259775
65669 1.260378
65660 1.226425
65660 1.242884
65644 1.237707
65644 1.210259
65594 1.756741
65594 1.259905
65593 1.233961
65556 1.22567
65556 1.224965
65556 1.204863
65556 1.2498
65556 1.200944
65548 1.274843
65548 1.204913
65548 1.251691
65541 1.213136
65541 2.137995
65541 1.267716
65541 1.200043
65523 1.278901
65523 1.235622
65483 1.283502
65483 1.214185
65483 1.263943
65483 1.257758
65483 1.246123
65483 1.233074
65449 1.239573
65449 1.202565
65413 2.017965
65409 1.246352
65409 1.217612
65352 1.265119
65352 1.200329
65349 1.265876
65349 1.228258
65293 1.233114
65276 1.252508
65260 1.274061
65260 1.206347
65256 1.232861
65223 1.216899
65223 1.984675
65223 1.269934
65223 1.230277
65223 1.239628
65223 1.20566
65205 1.291979
65179 1.213527
65159 1.216716
65159 1.297249
65159 1.246075
65159 1.208371
65154 1.270518
65154 1.236356
65154 1.795521
65144 1.244982
65120 1.240067
65120 1.239987
65120 1.300173
65114 1.208161
65114 1.28646
65114 1.22995
65114 1.326313
65114 1.215601
65096 1.341467
65096 1.280449
65092 1.21987
65092 1.725913
65073 1.216675
65037 1.207795
65011 1.248395
65002 1.229506
65002 1.254472
65002 1.21506
65002 1.308222
65002 1.233625
64973 1.254972
64952 1.232182
64925 1.263587
64925 2.446019
64908 1.31605
64908 1.233748
64905 1.289026
64879 1.218815
64879 1.257191
64879 1.236409
64879 1.345329
64836 1.301408
64836 1.28173
64827 1.282199
64809 1.247652
64805 1.287186
64801 2.055392
64747 1.24091
64736 1.384808
64736 1.355324
64736 1.245455
64736 1.299263
64736 1.270523
64736 1.284546
64736 1.282173
64714 1.236119
64714 1.338078
64714 1.271108
64714 1.291326
64714 1.903152
64714 1.280172
64684 1.261841
64680 1.240805
64680 1.313706
64680 1.332316
64666 1.27758
64655 1.315616
64651 1.239952
64651 1.263957
64651 1.252629
64651 1.245687
64651 1.265105
64642 1.79286
64642 1.271085
64642 1.243323
64629 1.292237
64629 1.256253
64577 1.265828
64577 1.352947
64577 1.238401
64485 1.323081
64485 1.494492
64457 1.289654
64437 1.263853
64425 2.142804
64401 1.29886
64401 1.324078
64401 1.293433
64394 1.709101
64379 1.232
64379 1.360043
64330 1.219501
64330 1.26759
64330 1.237093
64330 1.210552
64330 1.241119
64295 1.255799
64295 2.022766
64295 1.218735
64295 1.260976
64295 1.236667
64288 1.21854
64277 1.378468
64277 1.279349
64248 1.275207
64248 1.248023
64220 1.231634
64220 1.251487
64218 1.281929
64187 1.230613
64187 1.957187
64185 1.260141
64171 1.34241
64171 1.26494
64151 1.254349
64151 1.365069
64151 1.248403
64151 1.221998
64142 1.239527
64142 1.258972
64133 1.279939
64133 1.206825
64133 1.245597
64133 1.889307
64112 1.255504
64112 1.284415
64112 1.255441
64112 1.327231
64112 1.247921
64112 1.277815
64062 1.224383
64062 1.246311
64062 1.229165
64055 1.360318
64055 1.263981
64055 1.282098
64051 1.776069
64045 1.229954
64045 1.326353
64037 1.237925
63983 1.391762
63980 1.275116
63969 1.234793
63969 1.257413
63907 1.277416
63893 1.296942
63893 1.303142
63893 1.271632
63893 2.05748
63893 1.250179
63893 1.273967
63877 1.239812
63828 1.325432
63811 1.279989
63803 1.240576
63803 1.274432
63803 1.260567
63803 1.232561
63803 1.740135
63803 2.16475
63803 1.470404
63803 2.083211
63803 1.303557
63803 1.299506
63767 1.330454
63742 1.29992
63701 1.268975
63679 1.306112
63660 1.250566
63660 1.306211
63660 1.311056
63660 1.264996
63660 1.30786
63660 1.470182
63618 1.836404
63618 1.348458
63618 1.390555
63610 1.345799
63585 1.298902
63573 1.28926
63573 1.403712
63573 1.443351
63532 1.271542
63532 1.301296
63532 1.291113
63532 1.29568
63532 1.299201
63499 1.800609
63476 1.340866
63474 1.271528
63459 1.349615
63456 1.300318
63454 1.273475
63431 1.319118
63431 1.296444
63431 1.333517
63427 1.342976
63419 1.307543
63413 1.32767
63368 2.193421
63368 2.167108
63368 8.345482
63355 1.282157
63355 1.28197
63336 5.352574
63307 1.287677
63285 1.298746
63285 1.266611
63255 5.356421
63239 1.285151
63239 1.268092
63239 5.365188
63239 8.059267
63235 1.308569
63235 1.314082
63235 1.337286
63235 1.303591
63235 7.577533
63235 1.339737
63202 1.264226
63188 1.286075
63188 1.256015
63188 1.312754
