595477 474.326603
595477 58.616848
595477 75.073273
595475 60.833334
595475 29.629928
595473 34.691945
595471 43.362974
595429 31.778908
595429 31.384395
595397 33.406092
595391 33.045721
595388 41.391013
595381 30.250051
595381 28.576012
595378 32.291521
595375 26.075534
595375 19.105495
595375 15.985111
595372 15.579577
595356 15.752548
595356 15.965717
595309 16.55674
595309 15.672887
595282 15.905707
595282 15.438742
595236 20.955712
595230 15.975388
595230 16.056134
595212 17.326606
595212 19.565748
595212 18.691207
595211 15.985275
595208 16.601251
595205 16.08814
595205 15.456742
595181 16.585705
595162 15.515915
595155 15.392658
595155 15.446758
595130 19.75255
595087 16.518942
595054 15.956045
595054 15.428379
594981 15.28568
594981 18.438166
594955 15.345047
594946 15.378231
594941 15.48547
594852 15.381041
594852 15.931732
594835 15.989711
594771 15.69985
594771 15.836104
594759 19.95329
594719 15.459813
594718 16.000994
594713 15.621396
594693 15.291914
594669 17.971048
594669 15.585969
594667 15.195608
594642 15.242541
594642 14.974531
594632 16.235779
594632 17.627438
594554 15.226304
594553 16.570025
594553 21.080611
594553 15.41487
594553 15.937914
594553 15.477271
594553 15.032552
594552 17.631036
594552 15.521501
594546 15.681162
594546 15.474221
594484 15.325981
594484 15.603709
594484 14.847287
594484 16.616843
594423 15.102792
594423 18.8561
594396 15.062758
594396 15.141066
594396 15.433004
594346 15.248866
594318 19.799584
594318 15.385617
594318 16.538237
594277 15.629884
594252 19.280059
594252 18.093799
594252 15.039491
594252 14.969768
594231 15.428419
594196 18.760441
594196 14.828794
594168 15.353468
594167 16.132399
594132 15.317922
594132 18.519263
594118 15.356315
594053 15.24351
594046 15.448452
594046 16.099654
594036 15.57536
594034 15.070057
594024 14.832408
594024 15.223353
594024 18.877871
594010 15.097304
593971 15.242935
593971 15.089828
593946 15.477291
593927 17.673507
593927 14.94006
593915 16.233325
593913 15.346611
593884 14.931804
593884 16.026482
593884 14.965086
593884 15.117883
593884 15.201404
593869 19.093252
593858 15.521843
593858 15.922308
593815 15.054112
593815 15.20927
593808 18.026662
593796 16.153678
593753 15.525062
593705 15.068701
593665 15.334305
593653 15.670884
593653 15.332772
593596 15.167473
593596 15.729
593585 19.217113
593585 15.379623
593559 15.219847
593545 15.758081
593545 15.478413
593545 18.793644
593512 15.669814
593512 16.464187
593506 15.427872
593506 15.455174
593506 16.190234
593493 16.113759
593492 15.814167
593492 16.594353
593439 82.042327
593404 15.608596
593388 15.55423
593388 15.037419
593388 15.546906
593388 15.369684
593360 16.281325
593323 21.788261
593277 15.66611
593260 15.426484
593233 15.486259
593233 15.248981
593233 15.930241
593233 16.189054
593233 21.408697
593193 15.379967
593147 15.575234
593136 15.390278
593125 15.794863
593125 15.635172
593114 16.055236
593108 19.40755
593099 15.384316
593071 16.898589
593071 15.762475
593071 16.426476
593026 15.201694
593013 15.549461
593011 20.144235
592997 15.564914
592997 15.325059
592997 17.060205
592997 17.434044
592984 15.46452
592984 16.169107
592984 16.21418
592984 16.018924
592976 17.141937
592968 15.934134
592951 15.733813
592942 15.135552
592932 15.507636
592874 17.5673
592874 17.201224
592874 15.796408
592856 15.808872
592810 16.651502
592773 16.158461
592746 15.846116
592746 15.513535
592746 16.706604
592720 15.943107
592698 15.978872
592698 16.058961
592660 16.387967
592651 16.287991
592651 16.159956
592606 16.855838
592606 15.233601
592606 20.581868
592603 15.049062
592603 14.938304
592603 16.936027
592558 15.665715
592558 15.99966
592527 15.632712
592521 15.965192
592504 15.845761
592504 15.553405
592495 16.425576
592460 15.657215
592439 15.928511
592388 15.763094
592334 15.424
592334 15.65297
592334 16.333041
592334 15.766313
592322 15.828562
592322 16.094062
592322 15.356716
592322 15.732838
592322 15.732239
592288 15.695874
592241 15.548029
592241 15.929977
592176 16.267673
592176 15.560424
592176 15.55029
592147 15.902019
592147 20.483627
592086 15.603596
592058 15.436878
592058 16.185143
592058 15.426058
592006 16.168509
591958 15.664209
591947 16.0444
591930 16.273748
591914 15.349385
591914 16.420592
591894 15.650293
591852 16.699172
591852 15.65283
591848 15.56072
591792 15.496759
591792 16.764819
591768 16.286474
591746 15.55068
591746 15.629233
591735 15.692557
591724 15.322498
591724 15.563511
591724 15.917063
591708 16.236292
591695 16.056822
591695 16.279991
591666 16.233121
591659 16.350032
591659 19.41347
591659 15.924619
591659 20.413906
591650 17.292341
591595 15.335006
591595 15.39384
591576 16.067177
591558 15.25043
591533 15.378537
591533 17.215987
591514 15.241192
591514 14.957667
591514 15.044967
591514 15.393055
591514 15.517525
591514 15.527586
591514 15.835892
591465 15.396266
591457 15.371095
591457 15.487856
591442 15.09284
591387 15.242542
591311 16.311001
591311 16.257012
591311 15.984182
591310 15.647197
591310 16.304709
591310 15.426911
591310 15.48707
591290 16.275117
591290 16.162343
591288 15.580541
591284 15.646115
591284 15.551477
591277 15.946253
591277 17.001803
591277 15.443995
591277 16.112353
591275 17.387026
591275 15.417288
591275 14.994626
591275 15.751673
591247 16.331245
591247 15.055017
591179 15.862137
591169 16.480184
591169 16.004007
591151 16.480638
591089 16.419306
591003 15.786864
591003 15.211065
591003 16.313233
590992 15.23694
590974 15.222006
590921 15.879517
590911 14.763515
590911 15.139461
590911 15.1576
590898 15.654791
590898 15.304283
590898 15.266614
590847 16.338885
590847 15.833427
590788 15.886212
590788 15.506424
590779 19.359801
590754 17.032199
590754 15.558898
590754 15.028451
590734 16.056674
590734 15.514421
590706 15.182228
590706 15.856281
590706 16.703878
590706 16.385323
590700 15.588834
590700 15.816764
590684 15.656742
590680 15.406045
590680 16.473701
590679 15.953092
590679 15.660843
590632 15.67994
590600 15.271658
590590 15.698511
590577 15.586914
590572 17.029994
590572 15.687306
590572 15.714319
590534 15.996873
590522 15.590627
590522 15.55966
590522 15.859087
590514 16.299699
590514 15.553321
590468 15.97803
590451 15.589972
590451 15.396935
590451 15.651483
590419 16.537176
590397 16.195732
590387 16.635619
590331 15.352698
590290 15.513151
590290 15.79827
590290 15.863405
590290 15.616081
590290 15.978041
590290 16.073133
590290 15.701019
590290 15.66948
590290 15.812461
590290 16.736242
590271 15.38861
590271 18.341899
590255 15.597025
590173 15.808335
590160 15.60042
590149 15.281153
590134 15.972717
590120 15.767501
590120 16.375263
590120 15.4129
590115 16.787237
590115 16.846479
590115 16.106444
590115 16.287868
590105 15.958087
590082 22.10934
590082 15.436009
590082 15.112159
590082 15.266949
590053 26.086335
590022 15.058109
589966 15.49933
589966 15.953089
589932 15.702395
589929 15.220392
589907 15.876633
589907 15.290444
589906 15.756493
589906 15.071183
589857 15.693859
589833 15.859762
589833 15.629686
589745 15.687153
589733 15.322744
589729 15.570584
589695 15.552028
589689 17.017145
589689 16.349543
589689 15.716607
589689 15.617341
589689 15.658478
589689 16.156837
589684 15.760144
589684 16.211289
589666 15.820771
589666 15.900166
589660 15.551318
589660 15.695128
589660 16.343861
589660 17.426441
589660 16.898834
589618 16.914255
589618 16.147918
589601 15.959552
589568 15.484843
589568 15.763248
589545 15.713069
589477 16.00713
589477 15.084603
589429 15.391212
589429 16.10326
589429 17.786651
589406 15.600833
589406 15.468325
589406 16.890255
589338 16.127072
589338 16.270239
589335 15.655258
589322 15.588261
589322 15.931161
589322 15.861531
589256 16.458318
589247 16.845957
589226 16.365424
589226 17.232026
589226 16.123239
589188 15.690204
589187 20.756157
589179 15.828406
589166 15.513179
589160 17.097971
589160 16.597822
589143 15.06368
589143 15.451569
589136 15.998749
589122 16.341165
589107 15.778104
589068 17.321665
589062 15.629233
589062 15.301827
589059 15.690474
589059 15.921569
589051 15.883896
589051 15.309823
589032 16.104593
589032 15.426118
588965 15.078669
588965 15.393723
588957 15.333513
588921 16.0987
588912 16.363051
588912 15.276923
588880 14.968151
588799 15.63315
588799 15.523151
588755 15.41829
588750 16.140629
588739 15.424699
588737 15.335893
588737 15.08538
588706 15.269591
588706 16.380226
588706 16.776516
588674 16.79854
588674 15.061394
588618 15.47008
588618 16.28495
588618 15.57273
588618 15.394083
588618 15.905331
588618 16.25498
588618 15.270296
588605 16.572741
588605 15.389861
588605 15.635122
588596 15.554567
588596 17.623593
588562 16.210119
588562 15.574121
588562 15.455149
588562 15.539261
588559 15.373518
588559 15.61284
588559 15.399586
588533 16.322183
588533 17.417621
588533 15.708288
588525 16.304838
588521 15.785864
588520 20.582257
588511 18.767237
588511 16.459373
588477 15.848592
588477 15.209966
588477 16.301927
588477 15.293571
588464 15.52053
588447 15.238366
588423 15.570427
588423 15.058536
588417 15.729236
588417 15.321438
588417 16.164438
588386 15.483288
588386 15.479159
588351 15.854134
588351 15.235632
588316 15.405145
588298 15.370778
588255 15.641786
588255 15.546601
588253 15.401286
588253 15.89945
588253 15.577558
588253 15.542154
588251 16.136371
588213 17.560651
588193 16.217722
588177 16.063671
588177 16.855918
588177 16.746156
588123 16.11406
588112 16.105176
588101 15.955943
588101 16.996389
588101 15.866787
588101 16.983101
588101 16.153964
588101 16.996915
588101 15.806589
588090 15.742633
588090 16.087446
588061 15.886566
588045 16.019884
588045 15.594247
588038 16.274321
588038 16.084749
588020 15.669414
588006 15.759379
588006 16.010148
587999 16.274998
587990 16.141145
587966 18.691858
587966 18.407947
587966 15.545803
587939 15.75234
587939 15.513058
587939 17.342499
587939 15.566482
587930 15.81896
587930 16.318135
587930 20.00757
587930 16.189755
587930 16.573972
587930 16.740562
587929 15.880345
587929 18.779641
587929 19.461464
587906 30.811795
587893 23.499575
587893 19.47498
587887 20.783376
587863 18.164392
587843 17.489211
587774 17.075095
587761 15.381975
587761 15.931706
587761 15.493207
587761 16.235514
587761 15.702539
587761 16.034739
587718 16.287461
587718 15.485401
587711 15.581371
587711 15.65239
587711 16.494208
587708 15.697327
587708 17.841762
587701 15.426085
587701 15.953069
587701 15.682084
587701 15.537979
587701 16.629808
587696 17.219493
587668 16.345804
587650 16.434096
587644 15.717984
587639 16.769761
587630 16.117931
587630 16.083474
587622 17.021699
587607 16.180325
587570 15.897086
587570 15.47663
587565 16.096479
587505 16.115103
587494 16.426405
587487 16.092191
587464 15.504906
587453 15.695141
587453 15.684785
587416 15.646874
587416 15.947035
587416 17.092537
587416 15.743082
587416 15.491886
587416 16.384923
587416 15.645989
587416 16.08784
587404 15.895523
587404 20.556284
587404 17.756665
587394 15.539988
587377 15.382327
587377 15.473494
587377 17.232741
587377 15.623073
587349 16.729214
587307 15.673794
587307 15.917059
587300 15.569813
587300 15.990499
587285 17.073732
587285 15.908865
587267 15.893841
587212 15.774729
587162 15.439118
587143 15.473716
587143 16.396785
587132 15.409415
587094 15.180535
587043 16.280833
587009 16.279398
587009 15.482659
587003 16.318986
586989 15.945718
586937 16.331083
586937 15.995732
586895 16.220829
586868 16.027955
586868 17.505724
586868 16.875054
586839 15.765956
586839 15.724199
586802 15.798819
586789 16.864262
586781 15.890977
586758 16.604166
586758 16.304148
586757 15.639247
586757 16.009316
586749 15.727269
586712 16.499209
586712 16.867854
586700 15.579539
586678 15.764939
586678 15.983459
586672 16.401232
586672 15.9983
586621 16.33853
586621 15.68137
586612 15.861457
586603 15.721703
586569 16.256076
586567 16.048289
586555 15.923631
586481 17.197181
586422 15.341459
586415 17.020709
586415 17.621314
586373 15.563663
586373 16.012139
586349 20.859643
586349 16.275234
586349 15.766988
586349 15.679504
586347 15.493967
586347 16.762307
586323 15.216201
586299 16.177491
586299 16.779323
586299 15.454237
586299 15.383208
586299 16.306804
586299 15.471467
586299 16.076474
586270 15.819584
586264 16.858759
586245 15.762827
586245 15.804378
586245 16.235851
586231 16.846294
586231 16.100162
586223 16.252473
586223 16.552871
586223 16.024077
586221 15.929396
586196 15.644082
586183 16.316802
586169 16.422396
586167 15.71947
586167 16.37109
586167 15.707237
586138 16.274316
586134 16.352672
586127 15.728564
586115 15.514814
586115 17.269242
586115 16.607509
586115 15.249015
586104 15.639296
586068 15.933744
586068 15.720888
586046 15.780912
585976 16.724199
585937 16.977288
585937 15.535243
585937 15.79089
585916 17.13319
585916 15.8921
585916 16.07887
585916 15.638621
585916 17.460624
585916 15.787896
585916 15.929723
585912 16.305182
585884 16.139563
585884 16.033586
585857 15.646751
585839 16.529698
585839 17.113668
585839 16.661111
585839 15.628419
585826 15.860808
585826 22.154626
585790 15.318307
585786 16.155366
585771 15.726182
585752 15.206896
585733 15.742472
585723 15.720933
585723 15.988098
585723 15.750279
585717 17.111412
585717 16.001269
585717 16.859804
585686 15.619633
585667 15.200558
585667 15.795537
585655 16.014841
585655 16.237994
585655 15.303539
585617 15.511716
585608 15.384522
585608 15.138041
585598 16.637416
585566 16.058147
585566 17.064275
585566 15.564232
585552 15.614134
585552 15.702493
585552 15.890158
585552 16.415157
585552 17.487846
585552 16.728732
585538 15.62525
585515 15.557804
585515 15.668156
585515 18.374834
585509 16.780339
585509 16.164955
585501 16.334268
585497 16.410773
585497 15.644973
585497 16.197733
585497 15.103523
585497 15.533813
585448 15.295217
585436 15.713408
585436 16.706768
585435 16.377956
585435 17.386495
585396 15.669902
585393 16.813088
585381 16.043579
585338 16.489259
585338 15.959208
585277 15.610878
585277 15.923203
585277 15.948198
585253 16.542513
585245 16.180673
585245 16.777276
585213 16.940239
585185 16.891246
585183 19.622528
585183 18.049283
585157 15.887885
585157 16.139045
585157 16.780711
585157 15.81952
585126 15.856045
585126 16.001244
585126 16.037318
585123 16.282146
585123 15.6961
585048 16.644576
584994 16.571213
584975 16.082251
584973 15.761684
584973 16.171547
584958 16.09349
584958 15.57494
584946 16.79539
584946 15.727058
584946 15.888002
584932 15.754946
584932 15.685017
584932 16.881831
584877 15.416878
584877 17.117956
584850 15.668311
584850 15.573315
584825 15.624946
584825 15.975184
584807 15.23712
584788 16.074292
584788 16.551488
584781 15.752191
584771 16.462298
584720 17.7472
584720 16.205324
584720 17.733905
584714 16.327485
584698 16.552079
584695 15.991466
584695 15.937201
584654 16.739432
584603 16.046538
584587 15.682064
584587 15.265874
584587 16.260544
584515 15.252053
584515 16.030689
584515 15.789142
584496 15.924377
584496 15.489649
584448 15.431944
584429 16.343491
584390 15.508116
584342 15.513085
584342 15.859099
584342 15.422772
584342 16.102516
584335 16.559543
584301 17.5917
584296 16.213068
584266 20.241465
584218 17.619223
584193 15.701116
584140 15.977486
584110 15.70596
584110 16.295553
584110 15.904311
584084 16.305404
584084 15.84194
584051 15.966824
584001 15.702027
584001 16.26702
583983 16.763804
583983 16.95655
583983 15.717826
583983 16.257941
583983 15.982184
583943 15.690999
583943 15.979246
583928 16.397968
583928 16.137253
583928 16.386735
583925 15.917143
583925 16.006164
583914 15.985433
583914 15.61143
583903 17.778834
583903 16.528975
583887 15.813441
583887 16.161347
583859 15.27726
583837 16.378642
583831 15.406004
583821 16.427513
583821 15.662922
583818 17.386399
583808 16.16412
583808 17.325415
583808 16.856207
583808 16.588528
583808 16.799343
583807 16.792491
583803 15.8247
583796 15.817093
583796 15.806401
583771 16.218759
583771 16.273524
583770 16.652297
583770 15.806578
583741 15.911535
583741 16.107148
583741 17.130042
583740 15.840206
583716 15.419638
583712 16.502152
583712 16.459046
583696 15.783097
583694 16.407067
583694 16.070857
583694 16.700078
583677 16.177633
583677 20.287424
583667 17.406474
583587 15.730588
583587 17.161662
583587 16.007082
583587 16.111272
583577 15.951603
583552 16.519551
583552 16.169777
583552 16.569288
583530 15.928409
583530 16.148707
583530 16.431589
583522 15.921222
583522 16.535939
583502 16.204657
583455 20.399179
583447 15.95665
583437 16.167275
583437 16.017895
583437 15.669511
583437 16.7447
583437 17.022524
583437 16.064647
583409 15.984102
583340 15.640535
583330 16.086596
583327 15.9708
583327 17.02345
583294 16.280264
583217 15.749666
583217 16.09601
583192 15.836866
583192 16.02381
583175 16.354188
583175 16.744413
583115 15.888587
583092 16.255822
583092 16.395523
583092 15.628548
583050 15.930665
583000 17.12655
583000 16.600987
583000 16.1744
583000 15.690656
583000 15.735089
582976 16.377004
582967 16.767149
582945 16.911667
582945 16.79414
582945 15.745554
