2017 9.431691
2017 1.567548
1967 1.154325
1933 0.099281
1924 0.104491
1913 0.092913
1909 0.100865
1894 1.737904
1894 0.102067
1891 0.231472
1882 0.096233
1868 0.930513
1868 0.09797
1847 0.104727
1842 0.099197
1804 0.099715
1804 0.100183
1804 0.100013
1797 0.099226
1785 0.101434
1785 0.0996
1785 0.100107
1779 4.589146
1769 0.157254
1739 0.207353
1709 0.168798
1709 0.22405
1696 0.14962
1668 0.143608
1668 0.129372
1660 0.151748
1660 0.263423
1658 0.179148
1658 0.191315
1636 0.173959
1636 0.144321
1636 0.109489
1591 0.109662
1568 0.109424
1546 0.111486
1531 0.159287
1522 0.11504
1522 4.131974
1522 0.097168
1512 0.096268
1512 0.136247
1495 0.093036
1490 0.107916
1490 0.112645
1422 0.093539
1422 0.096851
1409 0.090692
1409 0.092205
1399 0.095557
1399 0.094431
1399 0.09309
1384 0.108469
1378 0.094883
1364 0.099011
1358 0.1022
1357 0.093558
1357 0.095799
1357 0.097106
1332 0.097198
1332 0.129468
1332 0.104469
1332 0.096858
1332 0.100275
1311 0.098552
1311 0.0994
1311 0.102562
1311 0.099796
1311 0.138087
1311 0.099205
1311 0.099876
1311 0.100832
1297 8.500072
1292 0.102484
1284 0.100867
1284 0.102236
1284 0.102586
1284 0.314524
1284 0.111149
1284 0.101179
1284 0.102935
1284 0.102819
1284 0.104177
1281 0.104568
1281 0.13876
1273 0.10819
1273 0.104479
1241 0.10629
1241 0.103593
1241 0.112645
1241 0.164095
1241 0.110804
1241 0.107626
1241 0.108114
1241 0.140626
1236 0.111385
1236 1.413255
1236 0.123592
1236 0.067425
1236 0.067387
1236 0.167705
1236 0.37703
1228 0.080131
1228 0.079939
1217 0.128578
1217 0.071617
1217 0.071706
1217 0.073216
1217 0.086231
1217 0.077473
1216 0.073008
1216 0.068374
1216 0.071477
1216 0.070958
1216 0.072527
1216 0.069901
1216 0.070483
1216 0.071681
1216 0.07648
1195 8.188324
1195 0.069009
1195 0.067951
1194 0.083407
1194 0.076547
1187 0.066776
1185 0.064846
1172 0.065265
1167 0.064956
1167 0.104423
1167 0.068499
1167 0.066684
1167 0.06651
1167 0.065602
1167 0.093488
1167 0.078922
1160 0.069446
1160 0.069822
1160 0.069756
1160 0.069584
1160 0.069429
1160 0.068636
1160 0.069019
1160 0.067813
1160 0.069103
1159 0.076095
1158 0.087917
1136 0.06889
1136 0.070232
1136 0.073223
1136 0.069684
1136 0.070453
1121 0.07191
1121 0.072239
1115 0.072472
1115 0.07141
1106 0.072274
1106 0.087351
1106 0.072069
1100 0.071262
1100 0.07301
1100 0.076022
1100 0.072619
1098 0.150929
1098 0.069534
1098 0.067748
1084 0.068425
1070 0.072817
1070 0.069974
1067 0.067844
1064 0.069621
1064 0.067136
1064 0.089657
1064 0.068833
1064 0.071093
1064 0.067675
1064 0.065405
1064 0.067878
1055 0.069863
1055 0.068613
1055 0.06784
1052 0.069952
1052 0.069716
1052 0.077557
1052 0.115026
1052 0.098611
1044 0.086365
1044 0.071876
1041 0.070145
1041 0.10976
1041 0.076765
1041 0.073465
1023 0.073251
1023 0.071896
1023 0.074032
1023 0.090858
1023 0.074395
1012 0.074307
1012 0.074
1000 0.071242
1000 0.075161
985 0.073484
985 0.074636
985 0.07364
985 0.075257
985 0.090429
985 0.094856
985 0.076783
985 0.076239
985 0.076326
985 0.079215
985 0.07381
984 0.074537
984 0.074074
984 0.088732
984 0.07411
981 0.077895
981 0.077336
981 0.077369
981 0.076046
976 0.075732
976 0.07573
976 0.107739
976 0.080279
963 0.085391
963 0.407177
963 0.081004
963 0.078068
963 0.077712
953 0.076574
953 0.076802
953 0.078284
953 0.076604
948 0.07769
948 0.124899
948 0.08091
948 0.080951
931 0.078421
931 0.197216
931 0.079534
931 0.079594
923 0.138167
923 0.078666
922 0.111233
919 0.106735
907 0.077661
907 0.077189
907 0.072995
907 4.066618
907 0.087494
907 0.080524
905 0.112679
905 0.099757
898 0.082074
898 0.078908
898 0.077668
892 0.078579
892 0.078598
892 0.077733
892 0.080915
892 0.081007
873 0.080368
873 0.191987
872 0.09444
866 0.08676
866 0.086324
866 0.086815
866 0.087747
866 0.090297
861 0.102161
861 0.141871
861 0.09823
861 0.085405
836 0.085796
836 0.089265
836 0.085646
836 0.088372
836 0.085819
836 0.086686
836 0.119965
836 0.095739
836 0.089966
828 0.087655
812 0.088997
812 4.091747
812 0.123772
812 0.093375
806 0.137912
806 0.102835
806 0.098155
799 0.089807
799 0.090049
799 0.090457
799 0.091756
793 1.348885
793 0.092194
793 0.095589
793 0.083658
793 0.082306
787 0.08056
787 0.080549
787 0.080966
787 0.081805
785 0.081709
785 0.166721
785 0.091896
785 0.099453
785 0.083067
785 0.082781
785 0.140331
774 0.084133
774 0.08288
771 3.605363
771 0.09661
753 0.088672
753 0.086136
753 0.13713
753 0.086478
753 0.083525
744 0.084967
744 0.0843
744 0.092791
744 0.087345
744 0.085669
744 0.084844
744 0.084201
744 0.173309
744 0.102541
743 0.094223
743 0.09858
743 0.088379
743 0.088352
743 0.08579
743 0.087201
743 0.087086
743 0.120122
743 0.103483
743 0.101284
743 0.091188
743 0.089501
743 0.089706
743 0.088625
742 0.089826
739 0.128765
739 0.091949
739 0.087744
739 0.090638
739 0.091078
739 0.120889
739 0.090008
739 0.091489
732 0.093035
732 0.090495
732 0.117213
732 0.094285
732 0.099976
732 0.088957
732 0.091244
732 0.090757
732 0.091179
725 0.091558
725 0.135878
725 0.093322
725 0.094587
719 0.095641
719 0.095506
719 0.100767
719 0.094484
719 0.09593
719 0.094484
719 0.094505
719 0.145003
719 0.095133
719 0.09457
719 0.094315
719 0.098589
719 0.125498
719 0.095003
719 0.095188
719 0.094065
719 0.218924
713 0.404089
706 0.110327
700 0.099455
700 0.097542
700 0.096794
700 0.097719
700 0.116814
694 0.099445
694 0.096458
694 0.098689
694 0.0977
694 0.097411
691 0.12753
691 0.099322
691 0.097462
691 0.150684
691 0.100839
691 0.098999
691 0.097426
690 0.098933
690 0.098067
690 0.101296
686 0.097546
686 0.101063
686 0.117074
686 0.101971
682 0.100317
679 0.100285
679 0.10066
679 0.101924
674 0.10266
674 0.100181
674 0.100526
674 0.128462
674 0.113869
674 0.102437
674 0.103845
674 0.103739
674 0.10347
663 0.102508
663 0.102072
663 0.101863
663 0.114122
663 0.104841
663 0.105987
663 0.102423
663 0.105812
663 0.104313
663 0.105463
663 0.103439
663 0.105716
663 0.140742
663 0.106798
663 0.105473
663 0.107321
663 7.984874
663 0.115198
663 0.116779
663 0.165259
663 0.123127
663 0.106697
663 0.108247
663 0.106014
663 0.109398
659 0.106551
659 0.109017
659 0.124393
659 0.108234
659 0.108156
657 0.110047
657 0.109297
657 0.107101
657 0.107423
651 0.108726
651 0.109584
651 0.125258
650 0.110666
650 0.112664
650 0.110108
646 0.110735
646 0.111915
646 0.111999
639 0.110904
639 0.16398
634 0.112868
634 0.111366
634 0.110691
634 0.146044
634 0.113862
634 0.114143
634 0.136796
634 0.124936
634 0.115009
634 0.114642
634 0.11409
634 0.115381
631 0.114957
631 0.113694
631 0.130419
631 0.117493
631 0.117094
631 0.116774
631 0.128579
631 0.11753
631 0.115941
631 0.115524
631 0.129574
631 0.120187
631 0.116255
631 0.117891
631 0.132279
631 0.12083
631 0.120298
631 0.118498
631 0.144758
631 0.119579
631 0.118845
631 0.118545
631 4.183219
631 0.130765
631 0.127134
631 0.157067
628 0.119316
628 0.120593
628 0.11849
628 0.137526
628 0.120727
625 0.200269
625 0.124201
625 0.120812
625 0.119565
625 0.121472
625 0.124807
625 0.121761
625 0.142299
625 0.122007
625 0.120879
625 0.123878
625 0.611022
625 0.126851
625 0.127393
625 0.126489
625 0.124816
625 0.147247
625 0.12394
622 0.127211
622 0.123352
622 0.124658
622 0.121737
622 0.124704
622 0.167678
622 0.126631
622 0.127204
620 0.124933
620 0.123278
620 0.125021
614 0.124018
614 0.137712
614 0.132172
608 0.124968
608 0.128286
608 0.128861
608 0.126949
608 0.126075
608 0.127963
600 0.184457
600 0.13067
600 0.126883
600 0.126879
600 0.125639
600 0.127108
599 0.130448
599 0.142486
599 0.12963
575 0.128264
575 0.128867
575 0.127979
575 0.128246
575 0.162889
575 0.203729
575 0.23254
575 0.18987
575 0.144319
575 0.134018
575 0.183735
575 0.133449
575 0.129734
575 0.132087
575 0.173541
575 0.13623
575 0.133824
573 0.164064
573 0.132795
573 0.143439
570 0.132826
563 0.131829
562 0.132789
562 0.170052
562 0.134157
562 0.134651
562 0.132628
559 0.133124
559 0.133335
559 0.133317
559 0.151276
559 0.135791
559 0.13521
559 0.132503
559 0.133001
559 0.136233
557 0.136424
551 0.150489
551 0.137583
551 0.13576
551 0.157336
548 0.141157
548 0.136284
548 4.10569
548 0.163576
548 0.137742
548 0.13867
548 0.137382
548 0.138202
548 0.137926
548 0.142697
545 0.140698
543 0.138035
543 0.137903
543 0.148235
543 0.138994
543 0.176604
543 0.144708
543 0.140502
538 0.140308
538 0.139812
536 0.143295
536 0.159769
536 0.141827
536 0.172839
536 0.146508
536 5.77157
536 0.144093
524 0.159088
524 0.138164
524 0.136791
524 0.136562
524 0.142692
524 0.138169
524 0.15883
524 0.138654
524 0.139048
524 0.139701
524 0.14598
516 0.138101
516 0.164153
516 0.175375
516 0.139648
516 0.137953
516 0.163797
516 0.140148
516 0.138188
516 0.1737
510 0.14164
509 0.139304
509 0.140554
509 0.140284
509 0.142113
504 0.139647
504 0.154239
504 0.143181
504 0.14108
504 0.14348
504 0.140813
504 0.142063
503 0.164247
503 0.153168
503 0.144469
501 0.145594
501 0.143291
501 0.143988
501 0.142491
501 0.190774
501 0.145509
501 0.145378
501 0.143698
501 0.144073
501 0.146048
501 7.584629
495 0.152072
495 0.170558
495 0.152259
495 0.145372
495 0.14596
495 0.145621
495 0.145781
490 0.147062
490 0.181683
490 0.147192
490 0.147043
490 0.147503
485 0.147875
485 0.148784
485 0.17934
485 0.173118
485 0.148981
482 0.150051
482 0.149681
482 0.148053
482 0.16326
482 0.151419
482 0.150112
480 4.582692
480 0.160035
480 0.153005
480 0.159959
480 0.1502
480 0.150421
480 0.171257
480 0.152347
480 0.15217
480 0.152267
480 0.15043
480 0.151206
480 0.187781
480 0.155054
480 0.152252
480 0.154679
480 0.152424
480 0.152821
480 0.189548
480 0.182248
480 0.153082
480 0.173368
480 0.164083
480 0.153462
480 4.49154
480 0.157828
478 0.158889
478 0.170462
478 0.157929
478 0.154345
478 0.154081
478 0.157479
478 0.156341
478 0.192758
478 0.155423
478 0.157092
473 0.156493
473 0.155712
473 0.156858
473 0.192231
473 0.159929
473 0.156661
473 0.177132
460 0.158772
460 4.20093
460 0.206974
460 0.16002
460 0.170305
460 0.196333
460 0.22952
460 0.197055
460 0.195251
460 0.192269
460 0.161594
460 0.216469
460 0.162101
460 0.162251
460 0.160314
460 0.159756
460 4.394782
460 0.20927
460 0.179351
460 0.181469
460 0.221671
460 0.175922
460 0.177297
460 0.178431
460 0.176714
460 0.229888
460 0.179262
460 0.176165
460 0.17812
460 0.175891
460 0.195362
460 0.183027
460 0.177428
460 0.180826
460 0.17726
460 0.204492
460 0.179504
460 0.208623
460 0.182985
460 0.177491
460 0.207361
460 0.184526
460 0.180189
460 0.179255
460 0.182049
460 3.705993
460 0.363039
460 0.264904
460 0.200479
460 0.18551
460 0.172791
460 0.199247
460 0.16858
460 0.166849
460 0.208887
460 0.169177
460 0.207694
460 0.169468
460 0.1708
459 0.203456
459 0.169391
459 0.169267
459 0.225203
459 0.171882
458 4.246654
458 0.19377
458 0.176297
458 0.201487
458 0.179461
458 0.204315
458 0.1745
458 0.171828
458 0.205225
458 0.173312
458 0.198401
458 0.176163
458 0.172416
457 0.203959
457 0.175391
457 0.18217
457 0.197472
457 0.173185
457 0.216059
454 0.17746
454 0.17275
454 4.23903
454 0.184712
454 0.210852
454 0.179287
454 0.176179
454 0.17388
454 0.174232
454 0.209947
454 0.178606
454 0.175041
454 0.176172
454 0.177173
454 0.207971
454 0.179294
454 0.177007
454 0.178412
454 0.176816
447 0.209971
443 0.181454
443 0.179807
436 4.14537
436 0.190306
436 0.196312
436 0.21848
436 0.179808
436 0.178589
436 0.180299
436 0.205915
436 0.183055
436 0.182033
435 0.18051
435 0.182067
435 0.192832
435 0.185328
435 0.17942
435 0.181528
435 0.180504
435 0.194239
435 0.182895
435 0.183852
435 0.185318
435 0.183873
435 4.145271
435 0.220509
435 0.184372
435 0.22196
435 0.184575
435 0.22726
435 0.185176
435 0.186195
435 0.186517
435 0.185262
431 0.220574
431 0.184666
431 0.18685
429 0.328627
427 0.225226
427 0.188652
427 0.214141
427 0.317019
427 8.083387
427 0.20392
427 0.187176
427 0.191726
427 0.187236
427 0.205554
427 0.187817
427 0.351889
427 0.191477
427 0.227981
427 0.18912
427 0.34702
427 0.189725
427 0.286823
427 0.316883
427 0.3077
427 0.300155
427 0.250959
427 0.197108
427 0.207425
427 0.194234
427 0.190986
427 0.192516
427 0.190946
427 0.207517
427 0.19459
427 0.333294
427 0.193706
427 0.225046
427 0.195687
427 0.333872
427 0.217594
427 0.211093
427 0.197852
427 4.361777
427 0.209497
427 0.25092
427 0.207268
427 0.204077
427 0.19401
427 7.339381
427 0.207191
427 0.194996
427 0.247724
427 0.19162
427 0.336353
427 0.192172
427 0.226907
427 0.192235
427 0.349939
427 0.19065
427 0.222473
427 0.19362
427 0.190529
427 0.228587
427 0.191574
427 0.223696
427 0.192236
427 0.192836
427 0.191033
427 0.366903
423 0.194645
423 0.19159
423 0.190004
423 0.198556
423 0.236938
423 0.195314
421 0.19644
421 0.193288
421 0.203717
421 0.259702
421 0.3997
421 0.195921
421 4.199352
421 0.202361
417 0.276715
417 0.197983
417 0.240192
417 0.19595
417 0.355938
417 0.201385
417 0.238621
417 0.198141
417 0.195683
417 0.195815
417 0.222549
417 0.33305
417 0.237551
417 0.199789
417 4.177219
417 0.396438
417 0.203099
417 0.224082
417 0.212172
417 0.200409
417 0.199457
417 0.198963
417 0.376066
417 0.201798
410 0.200197
410 0.201326
405 0.246809
405 0.201587
405 0.200446
405 0.322968
405 5.152768
405 0.210198
405 0.20262
405 0.206795
405 0.235957
405 0.204593
405 0.204635
405 0.202216
405 0.201778
405 0.282054
405 0.449347
405 0.21295
405 0.244329
