1044 5.197234
1044 0.198735
1019 0.163987
959 0.183422
959 0.234582
946 0.222417
937 2.88977
931 0.44724
931 0.15427
929 0.084554
929 0.086789
899 0.084761
899 0.086115
890 0.081891
890 0.057308
863 0.123311
863 0.052835
863 0.060914
863 0.056057
843 0.055182
843 0.05365
843 4.820199
843 0.09152
843 0.057787
843 0.058288
824 0.057105
824 0.062771
813 0.059346
751 0.060918
745 0.077894
745 0.064612
745 0.063747
745 0.091268
743 0.067936
743 0.061088
743 0.061504
743 0.060112
733 0.085963
733 0.075067
733 0.060948
700 0.06248
673 0.064693
673 0.063778
673 0.06337
664 0.063293
664 0.063979
664 0.064952
664 0.066372
664 0.06457
660 0.087604
660 0.077106
660 0.067627
660 0.066096
654 0.068774
634 0.068374
634 0.067884
617 0.068748
592 0.069481
581 0.069734
578 0.106751
578 0.07321
578 0.071484
566 0.071204
548 0.072278
548 0.072223
548 0.071144
548 0.073409
548 0.075437
548 0.073933
548 0.100197
548 0.086508
548 0.074507
548 0.073859
548 0.076383
541 6.379321
533 0.136418
533 0.065864
527 0.062266
514 0.063387
514 0.065437
512 0.063357
512 0.225611
512 0.118829
512 0.064677
512 0.063948
512 0.065792
512 0.064659
512 0.066159
511 0.067218
510 0.07848
507 0.068017
506 0.065402
506 4.067035
506 0.08433
506 0.070812
506 0.072458
506 0.098302
506 0.068771
506 0.076171
497 0.07175
497 0.068568
497 1.31485
497 0.124522
497 0.046137
497 0.042773
497 0.043386
497 0.043217
497 0.04333
486 0.044491
486 0.044383
486 0.079605
486 0.045567
486 0.044954
486 0.043992
486 0.046417
486 0.046911
486 0.045585
486 4.574941
486 0.0562
486 0.046741
486 0.047812
486 0.048238
486 0.048641
486 0.047787
486 0.05509
482 0.176702
482 0.050367
482 0.138146
482 0.147464
477 0.048845
452 0.100484
452 0.052103
451 0.047804
451 0.047507
451 0.04668
451 0.047974
451 0.048736
451 0.062967
441 0.051254
436 0.04761
436 0.05024
430 0.073491
430 0.05118
430 0.090495
430 0.07196
430 0.091751
428 0.05307
428 0.053661
424 0.051263
423 0.054601
403 0.050125
403 0.051125
403 0.050359
403 0.049878
403 0.052363
390 0.051905
390 0.100187
389 0.055832
389 0.051934
388 0.055301
388 0.052689
388 0.053117
388 0.052041
388 0.062218
388 0.062548
388 0.085953
386 0.054983
386 0.054794
386 0.114359
386 0.055057
385 0.056797
384 0.05645
384 0.053892
384 0.057472
384 4.111797
384 0.092395
384 0.052499
384 0.050544
384 0.050013
384 0.079131
384 0.059999
382 0.051318
382 0.05002
382 0.050539
379 0.051736
379 0.05109
379 0.084793
379 0.05737
379 0.05173
373 0.052135
373 0.052917
370 0.053961
370 0.050124
370 0.052494
370 0.052572
368 0.053948
368 0.05162
368 0.057194
368 0.054176
368 0.062821
362 0.056415
362 0.05534
357 0.055773
357 0.055859
357 0.054197
357 0.055334
357 0.055992
357 0.056757
357 0.05555
357 0.09878
357 0.056758
357 0.058693
357 0.054961
357 0.055966
357 0.056758
357 0.055736
357 0.126952
357 0.053939
357 0.052844
354 0.057065
354 0.051872
354 0.058002
354 0.057479
354 0.056499
354 0.05575
354 0.109811
354 0.060824
351 0.058075
351 0.095134
351 0.435781
351 0.061002
351 0.071561
349 0.05808
349 0.057509
349 0.057017
349 0.058168
349 0.058116
349 0.059011
349 0.115121
349 0.059262
349 0.057954
349 0.081486
349 0.058621
349 0.058458
341 0.059432
341 0.058978
341 0.058319
329 0.058057
317 0.06058
317 0.058246
317 0.079416
317 0.064369
317 0.062747
317 0.060644
317 0.061801
317 0.059129
304 0.060804
304 0.059051
304 0.093172
304 0.06526
304 0.101705
304 0.062813
304 0.057407
304 0.064924
302 0.062942
302 0.062278
302 8.400252
294 0.099667
294 0.061475
294 0.060797
294 0.064958
294 0.060553
292 0.059522
292 0.060077
292 0.060577
292 0.059922
289 0.059431
289 0.061557
289 0.14906
289 0.058578
289 0.062493
289 0.060331
289 0.062218
289 0.061745
289 0.061322
283 0.060842
277 0.062723
277 0.0624
277 0.063324
277 0.065051
275 0.078699
275 0.094877
275 0.09238
275 0.093046
275 0.092524
275 0.192507
275 0.140757
272 0.11241
272 0.104091
272 0.10214
272 0.131063
272 0.310707
265 0.124455
265 0.102676
265 0.078686
265 0.066816
263 0.074543
263 0.092635
263 0.082706
263 0.067425
263 0.068315
263 0.071497
262 0.068602
253 0.069345
253 0.069586
247 0.06993
247 0.072255
242 0.069504
242 0.078229
242 0.097166
242 0.079555
241 0.071047
241 0.070641
241 0.069886
241 0.069876
241 0.068622
241 0.069883
241 0.06944
241 0.068482
241 0.069829
241 0.12012
241 0.07463
241 0.073465
241 0.071523
241 0.069254
241 0.070554
241 4.521761
241 0.119268
241 0.074627
241 0.080444
241 0.072615
241 0.073442
241 0.073749
241 0.073851
241 0.072577
241 0.072653
241 0.119
241 0.075099
241 0.071552
241 0.073523
241 0.073556
241 0.075554
241 0.07245
241 0.074001
240 0.074992
240 0.074458
240 0.070799
240 0.106123
240 0.087258
240 0.076862
240 0.075984
240 0.077595
240 0.076692
236 0.075391
236 0.076087
236 0.075117
236 0.077165
236 0.077498
236 0.112424
236 0.078381
236 0.078496
235 0.077996
235 0.077855
235 0.078076
235 0.11087
235 0.079504
235 0.078471
235 0.079504
235 0.129229
235 0.080926
233 0.080138
233 0.079463
233 0.082149
233 0.080459
233 0.120398
233 0.083692
233 0.082657
233 0.080559
233 0.149614
233 0.096881
233 0.080584
233 0.080789
233 0.079548
233 0.078927
233 0.080124
233 0.083026
233 0.084068
233 0.07945
233 0.661369
233 0.093346
233 0.081598
227 0.082385
227 0.152196
222 0.083019
222 0.082898
222 0.085552
222 0.082042
218 0.083906
218 0.082146
218 0.080925
216 0.083506
216 0.082576
213 0.12182
213 0.083295
213 0.085081
213 0.082676
213 0.085637
213 0.08481
213 0.084417
213 0.086913
213 0.082969
213 0.084866
213 0.124619
213 0.089277
213 0.085458
213 0.086938
213 0.086051
213 0.086066
213 0.116812
206 0.089519
206 0.087292
199 0.086926
199 4.590534
199 0.095235
199 0.089497
199 0.124957
199 0.093881
199 0.089261
199 0.089738
197 0.095391
196 0.090288
196 0.089575
196 0.089091
196 0.090388
196 0.103027
196 0.092339
196 0.092141
196 0.122891
196 0.106356
196 0.093255
196 0.099414
196 0.091591
196 0.137036
194 0.096222
194 0.091531
194 0.090453
194 0.125292
194 0.095851
194 0.089417
194 0.090454
194 0.110474
194 0.147062
194 0.108397
194 0.095944
194 0.092293
194 0.13977
194 0.097665
194 0.094512
194 0.095721
194 0.097174
194 0.097228
194 0.097477
194 0.097939
194 0.097112
194 0.137194
194 0.098038
194 0.097836
194 0.098367
194 0.099433
194 0.097221
194 0.101631
194 0.099234
194 0.100609
194 0.134217
194 0.101429
194 0.10206
194 0.099015
194 0.095552
194 0.09881
192 0.098048
192 0.125136
192 0.133013
192 0.106184
192 0.105766
192 0.102517
192 0.099501
192 7.935207
192 0.108822
192 0.103894
192 0.144569
192 0.109493
192 0.111451
192 0.100812
192 1.327715
192 0.09803
192 0.136111
192 0.101834
192 0.098416
192 0.099305
192 0.098366
192 0.099378
191 0.101616
191 0.094329
191 0.114181
191 0.092381
191 0.095268
191 0.092536
191 0.092459
191 0.089171
191 0.092838
191 0.091882
191 0.153522
191 0.104117
191 0.093004
191 0.092796
191 0.095889
191 0.093561
191 0.094673
191 0.093773
182 0.094744
182 0.12488
182 0.113086
182 0.09658
182 0.094478
182 0.094672
182 0.093165
182 0.098478
182 0.096685
182 0.096253
182 0.096348
181 0.149741
181 0.095831
181 0.096406
181 0.09789
181 0.097105
181 0.098071
181 0.097613
181 0.097905
181 0.097166
181 8.177007
181 0.107158
181 0.099523
181 0.140364
173 0.099071
173 0.099684
173 0.099082
173 0.10006
173 0.134153
173 0.100759
173 0.116104
173 0.106937
173 0.140909
173 0.100558
173 0.103633
173 0.101033
173 0.132401
173 0.103609
173 0.101221
173 0.101819
173 0.101225
173 0.13418
173 0.102343
173 0.101858
173 0.10624
173 0.127936
173 0.11354
173 0.114106
173 0.111641
172 0.136667
171 0.103571
171 0.104379
171 0.103334
171 0.104812
171 4.187152
171 0.108571
171 0.105005
171 0.138252
171 0.106737
171 0.106053
171 0.105462
171 0.137974
171 0.106592
171 0.105467
171 0.105727
171 0.105307
171 0.104388
171 0.10911
171 0.10697
171 0.113609
170 0.141698
170 0.10858
170 0.105959
170 0.108319
170 0.107275
170 0.106577
170 0.106259
170 0.106071
170 0.107186
170 0.139785
167 0.115476
165 0.109796
165 0.108386
165 0.131744
165 0.109067
165 0.109476
165 0.110091
165 4.087082
163 0.118234
163 0.111171
163 0.116949
163 0.115795
163 0.112943
163 0.112133
163 0.145449
163 0.113132
163 0.112005
161 0.111122
161 0.113174
161 0.157389
161 0.114064
161 0.112604
161 0.163238
161 0.182289
161 0.14709
161 0.128269
161 0.113303
161 0.122153
143 0.113145
143 0.113826
143 0.115359
143 0.114526
143 0.144145
143 0.115811
143 0.165528
143 0.116756
143 0.118329
142 0.117823
142 0.115861
141 0.11634
141 0.114715
141 0.136892
141 0.121453
141 0.118147
141 0.115827
141 0.115276
141 0.11721
141 0.116539
141 0.116907
141 0.148187
141 0.120478
141 0.11655
141 0.117628
141 0.117372
141 0.117641
141 0.116506
141 0.116468
141 0.157143
141 0.121329
141 0.117572
141 0.120276
141 0.119455
141 0.138335
139 0.120827
139 0.119356
139 8.517246
139 0.124503
139 0.128647
139 0.145137
139 0.122259
136 0.12051
136 0.122003
136 0.122519
136 0.12067
136 0.119622
130 0.176993
130 0.154125
130 0.134501
130 0.132872
130 0.13293
130 0.132979
130 0.137477
130 0.162778
130 0.143709
130 0.139929
130 0.132474
130 0.12352
130 0.122337
130 0.124128
130 0.163006
130 0.130736
130 0.121948
130 4.590417
130 0.139576
130 0.130138
130 0.131444
130 0.123237
130 0.124894
130 0.127262
130 0.162112
130 0.133176
130 0.125421
130 0.124292
130 0.124134
130 0.124825
130 0.124659
130 0.153711
130 0.126207
130 0.359907
130 0.126443
130 0.129161
130 0.157094
128 0.140364
128 0.126987
128 0.126066
128 0.162294
128 0.12944
128 0.128897
128 0.164486
128 0.127581
128 0.130502
128 0.130933
128 0.127326
128 0.127872
128 0.12855
128 0.184148
128 0.130955
128 0.13041
128 0.129471
128 0.12976
128 0.131759
128 0.128816
128 0.165118
128 0.130492
128 0.130378
128 0.130783
128 0.129157
128 0.131074
128 0.130622
128 0.16427
128 0.133312
128 0.132089
128 0.13142
128 4.652126
128 0.143179
127 0.132484
127 0.138581
127 0.132826
127 0.137277
127 0.16212
127 0.145984
127 0.134005
127 0.134062
127 0.134062
127 0.132322
127 0.166265
127 0.13652
127 0.13374
127 0.134422
127 0.135188
127 0.133573
127 0.134852
127 0.174765
127 0.138974
127 0.163881
127 0.137838
127 0.135297
127 0.179834
127 0.147881
127 0.142733
127 0.135157
127 0.134877
127 0.137848
127 0.13686
127 0.173243
127 0.137125
127 0.136694
127 0.136469
127 0.139671
127 0.137913
127 0.174727
127 0.144202
127 0.139092
127 0.139233
127 0.16325
127 0.141436
127 0.139836
127 4.137522
127 0.165695
127 0.164084
127 0.151857
127 0.141157
127 0.179544
127 0.147818
127 0.141516
127 0.143515
127 0.140793
127 0.141787
127 0.143026
126 0.174869
126 0.145665
126 0.142441
126 0.141804
126 0.141556
126 0.143001
126 0.183947
126 0.171567
126 0.145659
126 0.14592
126 0.144346
126 0.168926
126 0.183259
126 0.147893
126 0.143376
126 4.11901
126 0.170763
126 0.146475
126 0.187572
126 0.146273
126 0.146821
126 0.14187
126 0.146321
126 0.14453
126 0.179986
126 0.147911
126 0.144698
126 0.144767
126 0.147327
126 0.14746
126 0.181836
126 0.147784
126 0.149666
125 0.154183
125 0.147849
123 0.148343
123 0.201283
123 0.15194
123 0.147351
123 4.144504
123 0.376886
123 0.171898
123 0.226351
123 0.167829
123 0.14718
121 0.58821
121 0.15336
121 0.150674
121 0.149137
121 0.178762
121 0.151609
121 0.146664
121 0.149664
121 0.148071
121 0.15498
121 0.215594
121 0.153549
121 0.150134
121 0.150106
121 0.24822
121 0.151877
121 0.167861
121 0.154931
121 0.158194
121 0.278573
121 0.152085
121 0.197805
119 0.152644
119 0.1638
119 0.158257
119 0.154592
118 0.152143
118 0.168046
117 0.155255
117 0.152674
117 0.175177
117 0.154738
117 0.154367
117 0.279267
117 0.155225
117 0.180604
117 0.156275
117 0.155579
117 4.231055
117 0.160189
117 0.148695
117 0.162573
117 0.153531
117 0.159823
117 0.152396
117 0.234833
117 0.182916
117 0.302161
117 0.169707
117 0.153124
117 0.147826
117 0.162377
117 0.152315
117 0.148401
117 0.198418
117 0.172258
117 0.297884
117 0.157198
117 0.1518
117 4.203505
117 0.192664
117 0.153173
116 0.190244
116 0.152035
116 0.150397
116 0.309483
116 0.152566
116 0.154417
116 0.150855
116 0.151965
116 0.166704
116 0.154704
116 0.151781
116 0.152354
116 0.261984
116 0.181472
116 0.179922
116 0.153458
116 0.178259
116 0.15768
116 0.152271
116 2.207012
116 0.168903
116 0.294902
116 0.157769
116 0.155205
116 0.200663
116 0.157076
116 0.155131
116 0.180964
116 0.162536
116 0.184148
116 0.284922
116 0.155346
116 0.158392
116 0.155049
116 0.189868
114 0.174881
114 0.155621
114 0.155315
114 0.182294
114 0.157957
114 6.079047
114 0.1732
114 0.159741
113 0.299349
113 0.159071
113 0.175149
113 0.158734
113 0.160579
113 0.158811
113 0.15808
113 0.181181
113 0.160434
113 0.30489
113 0.160649
113 0.194688
113 0.273909
113 0.570453
113 5.164772
113 0.181646
113 0.17471
113 0.185225
113 0.207469
113 0.18176
113 0.174257
113 0.18532
113 0.162406
113 0.165062
113 0.290252
113 0.18299
113 0.31323
113 0.242862
113 0.171446
113 0.162071
113 0.286033
113 0.168003
113 0.182753
113 4.975778
113 0.162848
113 0.160792
113 0.155284
113 0.154736
113 0.196794
113 0.184988
113 0.157056
113 0.154892
113 0.156119
