4175 14.008164
4175 0.2871
4172 0.238991
4130 0.243863
4130 0.280965
4129 0.249757
4122 0.229954
4100 0.244196
4100 0.234023
4098 0.231024
4091 0.233384
4058 0.279098
4058 0.235501
3993 3.981636
3968 4.569888
3950 0.523698
3938 5.178167
3938 0.19939
3938 0.165449
3937 0.160621
3921 0.207518
3921 0.163805
3921 0.1625
3897 0.197049
3897 0.161314
3888 0.22477
3888 0.16598
3885 0.163938
3864 0.160461
3864 0.165051
3864 0.237773
3864 0.210227
3864 0.162336
3858 0.174555
3858 0.165951
3858 0.210179
3858 0.172237
3806 0.166068
3806 0.167034
3769 0.167031
3757 0.215278
3721 0.166625
3721 0.194346
3714 0.181055
3714 4.311997
3714 0.178272
3712 0.171949
3712 0.210682
3712 0.23195
3704 0.176706
3704 0.191913
3704 0.230839
3704 0.20794
3697 0.174803
3613 0.173139
3613 0.199516
3588 0.183685
3584 0.178435
3567 0.172721
3544 0.175604
3532 0.209865
3520 0.228379
3520 4.478192
3496 0.201427
3495 0.215444
3495 0.176595
3481 0.178828
3481 0.17792
3481 0.176403
3481 0.181742
3469 2.993888
3469 0.153733
3469 0.109178
3469 0.112595
3469 0.107559
3464 0.163387
3464 0.111895
3458 0.109586
3446 0.108785
3446 0.111984
3446 0.108284
3422 0.316857
3405 0.116038
3403 0.112909
3403 0.110023
3403 0.112421
3403 0.110019
3399 0.110103
3397 0.184154
3396 0.114683
3396 0.110749
3359 0.112452
3359 4.111594
3348 0.226571
3348 0.141036
3335 0.153489
3335 0.143845
3335 0.13454
3335 0.163563
3323 0.135778
3323 0.108183
3323 2.239557
3323 0.116261
3323 0.092479
3323 0.092999
3282 0.091792
3273 0.090449
3273 0.088848
3262 0.091515
3262 0.127287
3262 0.093777
3262 0.092496
3262 0.09199
3259 0.093385
3259 0.092825
3257 0.092612
3257 0.091912
3257 0.093419
3241 0.141508
3241 0.105805
3241 0.0924
3241 0.094254
3241 0.094782
3221 0.176527
3221 0.096091
3221 0.118479
3221 0.105673
3218 0.29016
3215 0.225734
3205 0.102041
3189 0.098332
3184 0.099283
3184 0.095778
3184 0.098211
3184 0.109561
3184 0.096216
3184 0.111553
3184 0.103973
3184 0.108186
3169 0.154939
3169 0.105881
3169 0.146283
3169 0.108563
3169 0.107654
3169 0.104366
3169 0.10751
3169 0.108403
3169 0.105856
3168 0.109016
3168 0.142641
3154 4.284049
3154 0.10105
3154 0.094563
3154 0.121995
3154 0.129757
3115 0.093338
3113 0.095305
3102 0.093605
3102 0.096454
3097 0.994981
3097 0.147483
3097 0.107145
3033 0.100105
3033 0.175583
3033 0.099392
3033 0.101741
3020 0.118936
3020 0.16074
3020 0.115885
3018 0.102608
3009 0.101009
3009 0.135888
3007 0.100695
3000 0.102837
3000 0.100904
3000 0.135536
3000 0.102008
3000 0.10403
3000 0.10245
3000 0.136171
3000 0.104108
2993 0.104232
2993 0.103496
2993 0.13724
2981 0.103787
2981 0.105541
2981 0.103742
2981 0.139169
2981 0.102972
2956 0.104608
2956 0.106437
2950 0.136164
2950 0.105676
2950 0.104802
2950 0.105495
2939 4.246591
2939 0.112732
2939 0.107132
2921 0.141932
2921 0.102036
2921 0.101242
2921 0.103238
2910 0.137859
2910 0.102053
2888 0.107982
2888 0.103055
2883 0.151245
2883 0.105677
2883 0.129884
2883 0.105097
2883 0.104848
2883 0.108
2883 0.106416
2883 0.124908
2880 0.109663
2880 0.105925
2880 0.105967
2880 0.105044
2874 0.109429
2874 0.1099
2874 0.106048
2874 0.135062
2874 0.117126
2874 0.119774
2874 0.107779
2865 0.108617
2865 0.143383
2865 0.108124
2846 0.106532
2846 0.109585
2815 0.107895
2810 0.113702
2810 0.107929
2810 0.108674
2810 0.605387
2810 0.119522
2810 0.110752
2810 0.10809
2810 0.164172
2810 0.110784
2810 0.108801
2809 0.10824
2809 0.109514
2809 0.110401
2809 0.109509
2809 0.109525
2809 0.137023
2809 0.11173
2805 0.111459
2805 0.111275
2805 0.114444
2805 0.140995
2805 0.113224
2805 6.068403
2801 0.137616
2801 0.33207
2801 0.423312
2801 0.122711
2778 0.118636
2778 0.172369
2762 0.118171
2762 0.115476
2762 0.150639
2762 0.115772
2762 0.115347
2762 0.114475
2762 0.115502
2743 0.115862
2743 0.115719
2743 0.114277
2743 0.155238
2720 0.117168
2713 0.115168
2713 0.116744
2713 0.116551
2711 0.115356
2700 0.118449
2700 0.129571
2700 0.131343
2681 0.117624
2681 0.133618
2678 0.127459
2678 0.135184
2678 0.119625
2676 0.159401
2676 0.124413
2676 0.122305
2676 0.121331
2676 4.083507
2676 0.141383
2676 0.121896
2676 0.157851
2676 0.121834
2676 0.127521
2676 0.120572
2676 0.122447
2671 0.122358
2651 0.120195
2651 0.188413
2651 0.147226
2651 0.12518
2651 0.12249
2651 0.121099
2651 0.121516
2643 0.121791
2628 0.157852
2628 0.124152
2628 0.126869
2628 0.1229
2628 0.122993
2626 0.123077
2585 0.124099
2585 0.157122
2574 0.127349
2574 0.124369
2553 0.128606
2553 4.590521
2511 0.137801
2511 0.131471
2511 0.132468
2511 0.152494
2505 0.126091
2491 0.164254
2491 0.130232
2491 0.12834
2474 0.127702
2474 0.524605
2474 0.134736
2474 0.126958
2456 0.127787
2456 0.130891
2456 0.130143
2456 0.127043
2456 0.1638
2456 0.135005
2456 0.128427
2456 0.201039
2456 0.150674
2456 0.133369
2456 0.182149
2456 0.132431
2456 0.139213
2456 1.166644
2456 0.132313
2456 0.127629
2456 0.130894
2445 0.127996
2445 0.130976
2445 0.163758
2445 0.142396
2428 0.145254
2420 0.179735
2409 0.138907
2409 0.150527
2404 0.18559
2401 0.131165
2401 0.128631
2401 0.131648
2398 0.130946
2398 0.130308
2398 0.13319
2398 0.162195
2398 0.131757
2383 0.131763
2381 0.134703
2381 0.131334
2381 0.128507
2378 0.130642
2378 0.164738
2378 0.133727
2378 0.13195
2373 0.131852
2373 0.131539
2373 0.133144
2373 0.131388
2373 0.176552
2373 0.133623
2373 0.13268
2373 0.132522
2373 0.15476
2373 0.135921
2370 9.011772
2358 0.151466
2358 0.149921
2351 0.215511
2337 0.135132
2317 0.138435
2313 0.165206
2313 0.136106
2313 0.144339
2313 0.173958
2304 0.140396
2304 0.136092
2304 0.135333
2304 0.647464
2304 0.141969
2300 0.140801
2300 0.138201
2300 0.137481
2300 0.138642
2300 0.172093
2300 0.144535
2300 0.138748
2300 0.138383
2300 0.136994
2300 0.137679
2251 0.136525
2246 0.189143
2246 0.139396
2246 0.139145
2241 0.139774
2234 0.14004
2234 0.144631
2231 0.190988
2224 0.143617
2224 0.140599
2224 0.13971
2223 0.14138
2223 0.140668
2223 0.141654
2223 0.169452
2223 0.144269
2223 0.144575
2223 0.145794
2213 0.140561
2213 0.142211
2213 0.175395
2213 0.173535
2213 0.144253
2213 0.143149
2213 0.169048
2213 0.166911
2213 0.19014
2213 0.159437
2208 0.146855
2208 8.022082
2199 0.150359
2199 0.2097
2199 0.153032
2199 0.148204
2199 0.146109
2199 0.145915
2199 0.147644
2199 0.164503
2199 0.149287
2199 0.154037
2187 0.147728
2147 0.146847
2136 0.145745
2136 0.14792
2136 0.150732
2136 0.147727
2136 0.149342
2136 0.150903
2136 0.151275
2136 0.14854
2136 0.164989
2124 0.151075
2124 0.149145
2112 0.149898
2098 0.153554
2098 0.149498
2098 0.207053
2091 0.154591
2091 0.152143
2091 0.16868
2083 0.152809
2083 0.159833
2074 0.165053
2071 0.153379
2071 0.151328
2071 0.173692
2071 0.15599
2069 0.151583
2069 0.188294
2069 0.155715
2069 0.155182
2069 0.166535
2069 0.156427
2069 0.154567
2059 0.188219
2059 0.156451
2059 0.151013
2059 4.217813
2059 0.163825
2059 0.164949
2059 0.198498
2041 0.155311
2041 0.166359
2035 0.157587
2035 0.15665
2035 0.157764
2035 0.157708
2035 0.156625
2035 0.15721
2035 0.173608
2035 0.156412
2035 0.156847
2035 0.195291
2035 0.158751
2035 0.171052
2035 0.161216
2035 0.159093
2035 0.173498
2035 0.159466
2035 0.160238
1989 4.173786
1989 0.179993
1989 0.159909
1989 0.164481
1989 0.195262
1978 0.1877
1978 0.22233
1978 0.161837
1976 0.170229
1969 0.15948
1969 0.160416
1969 0.209587
1969 0.180272
1969 0.160971
1969 0.162493
1969 0.164608
1969 0.176825
1969 0.166964
1969 0.162434
1969 5.138834
1969 0.164376
1969 0.184754
1969 0.165779
1961 0.160416
1961 0.159812
1954 0.159615
1954 0.163697
1954 0.175111
1954 0.162318
1954 0.163441
1954 0.165616
1944 0.162907
1944 0.162674
1944 0.199049
1935 0.162484
1935 0.166672
1935 0.202504
1922 0.165242
1922 0.214324
1918 0.188092
1918 0.177313
1918 0.164671
1918 0.165173
1915 0.210141
1915 0.167405
1915 0.164549
1913 0.195418
1894 0.165505
1894 0.168257
1884 0.195288
1884 0.166879
1884 0.164953
1879 0.167263
1879 0.165548
1879 0.178035
1879 0.168491
1879 0.168621
1879 0.167668
1879 0.167778
1879 0.166298
1879 0.178986
1879 0.170777
1879 0.16772
1879 8.077219
1879 0.177323
1879 0.220495
1879 0.172133
1879 0.168495
1879 0.169482
1877 0.168934
1877 0.185166
1877 0.172264
1873 0.17137
1870 0.170425
1868 0.174022
1868 0.171425
1868 0.219464
1847 0.172539
1847 0.17316
1836 0.171694
1836 0.171927
1836 0.185773
1836 0.174983
1836 0.17745
1836 0.207796
1836 0.219819
1834 0.215312
1834 0.203734
1832 0.20364
1822 0.173522
1822 0.17933
1822 0.21952
1822 0.176078
1818 0.176112
1818 0.176845
1818 0.17553
1818 0.225054
1814 0.180534
1813 0.177128
1813 0.176772
1813 0.177437
1807 0.225515
1807 0.179623
1793 0.176844
1780 0.178054
1780 0.178751
1780 0.210307
1767 0.182533
1767 0.178037
1767 0.176221
1767 0.17924
1765 0.187926
1765 0.203626
1762 0.179022
1762 0.178605
1762 0.17779
1762 0.179544
1757 0.215425
1757 0.208195
1757 0.222233
1747 0.193272
1747 4.169562
1747 0.199059
1740 0.180814
1740 0.186786
1735 0.18902
1735 0.217805
1735 0.181058
1735 0.183762
1735 0.182886
1735 0.181395
1728 0.258798
1728 0.221433
1728 0.199335
1728 0.210555
1728 0.231841
1728 0.187154
1722 0.183672
1722 0.21134
1722 0.189012
1709 4.164326
1709 0.193122
1706 0.186407
1706 0.186263
1706 0.188416
1705 0.230839
1705 0.203357
1705 0.184785
1705 0.187689
1705 0.196673
1705 0.198588
1704 0.18619
1698 0.18756
1698 0.215981
1698 0.213684
1692 0.21655
1692 0.187229
1692 0.187241
1692 0.213368
1692 4.683462
1692 0.224605
1692 0.220686
1692 0.188932
1692 0.210597
1692 0.193631
1692 7.137891
1686 0.217097
1682 0.195759
1682 0.287855
1682 0.239324
1682 0.192658
1679 0.18968
1679 0.328941
1673 0.22781
1673 0.191362
1673 0.191556
1673 0.333607
1673 0.231841
1660 0.194475
1645 0.192951
1645 0.389722
1645 0.234937
1643 0.194798
1633 0.215886
1633 0.214228
1633 0.203373
1633 0.239586
1633 0.197112
1633 0.197758
1629 0.194021
1629 0.229289
1627 0.200471
1616 0.197532
1616 0.198127
1616 1.847263
1616 0.357002
1616 0.196198
1616 0.195063
1610 0.1941
1610 0.372786
1610 0.225254
1610 0.196961
1610 0.19478
1598 0.194674
1598 0.228693
1598 0.197585
1598 0.233312
1598 0.19891
1598 0.194866
1598 0.218068
1598 0.324744
1598 0.197164
1598 0.196726
1598 0.23978
1597 0.347163
1577 0.198933
1577 0.222506
1577 0.210477
1577 0.200668
1577 0.232342
1577 0.198621
1577 0.231677
1577 0.200514
1577 0.240339
1574 0.199407
1570 0.199897
1570 8.332358
1570 0.257381
1570 0.217881
1570 0.300698
1570 7.129145
1570 0.206201
1565 0.20351
1565 0.3998
1565 0.202491
1565 0.210614
1565 0.202377
1565 0.215168
1562 0.2034
1562 0.202692
1562 0.328083
1562 0.234423
1562 0.232352
1556 0.202221
1556 0.418995
1556 0.255641
1556 0.205381
1556 0.204331
1556 0.2046
1556 0.237853
1556 0.204271
1553 0.340717
1553 0.208908
1553 0.240766
1546 0.236913
1546 0.217679
1546 0.206978
1546 0.236462
1546 0.208426
1546 0.206899
1546 0.231714
1546 0.206356
1544 4.428009
1544 0.213018
1544 0.207112
1544 0.257374
1544 0.209413
1544 0.209505
1544 0.20722
1544 0.404236
1544 0.208685
1544 0.207374
1544 0.209013
1544 0.278094
1544 0.210095
1544 0.297412
1544 4.847751
1544 0.220305
1544 0.261225
1544 0.219505
1544 0.210843
1541 0.210937
1541 0.245056
1541 0.370311
1541 0.212132
1541 0.212293
1541 0.25888
1541 0.235533
1541 0.212616
1541 0.241175
1541 0.250414
1538 0.212881
1538 4.188184
1538 0.255677
1538 0.249538
1538 0.215631
1534 0.218725
1534 0.402021
1534 0.216254
1534 0.213895
1534 0.214969
1534 0.24951
1534 0.215321
1534 0.214053
1534 0.215122
1534 0.247425
1534 0.218919
1534 0.216947
1534 4.215728
1534 0.254773
1534 0.2194
1534 0.402609
1534 0.218568
1534 0.261556
1534 0.218936
1529 0.218621
1529 0.217381
1529 0.223037
1529 0.245705
1494 0.220004
1494 0.255389
1494 0.242354
1494 4.708704
1494 0.291208
1494 0.240202
1494 0.284461
1483 0.260271
1483 0.279512
1483 0.237845
1483 0.266914
1483 0.224391
1483 0.219544
1483 0.441489
1478 0.229894
1470 0.224058
1467 0.353524
1467 4.205755
1462 0.229607
1462 0.227411
1462 0.223116
1462 0.26846
1462 0.22403
1462 0.410338
1462 0.301352
1462 0.240298
1462 0.226839
1462 0.224765
1456 0.259672
1456 0.226915
1456 0.250874
1452 0.228128
1452 4.218326
1452 0.419187
1452 0.232832
1452 0.266192
1452 0.227206
1452 0.228411
1452 0.225408
1452 0.262411
1452 0.241919
1452 0.272035
1452 0.239067
1452 0.422191
1452 0.704838
1452 0.224844
1452 0.226835
1452 0.225629
1452 0.271864
1452 0.22781
1443 0.226899
1443 0.224296
1443 0.257124
1441 0.41412
1437 0.22882
1437 0.259389
1429 0.384223
1429 0.226361
1429 0.246216
1429 0.266776
1429 0.228273
1421 8.125573
1421 0.270599
1421 0.229619
1421 0.228113
1421 0.227224
1421 0.481619
1421 0.231643
1421 0.228081
1421 0.48422
1421 0.237518
1421 0.230353
1421 0.432488
1421 0.232939
1421 0.229624
1421 0.230836
1421 3.788417
1421 0.270093
1421 0.239564
1421 0.264983
1421 0.240837
1421 0.263196
1421 0.27562
1421 0.2672
1421 0.235366
1421 0.271747
1421 0.232385
1421 0.272768
1421 0.236282
1420 4.817333
1416 0.209327
1416 0.21262
1416 0.170486
1416 0.218941
1416 0.174192
1416 0.169978
1416 0.203015
1416 0.171868
1416 0.172584
1416 0.204863
1416 0.175533
1416 0.205904
1416 0.172243
1416 0.172342
1414 0.220961
1413 0.172306
1413 0.211329
1413 0.176602
1413 0.172323
1413 4.257331
1413 0.189197
1413 0.208005
1413 0.190316
1413 0.187544
1413 0.213351
1413 0.174263
1413 0.211238
1413 0.176706
1413 0.248267
1386 0.231908
1386 0.177898
1386 0.215082
1386 0.174335
1386 0.206188
1386 0.179722
1377 0.175016
1377 0.206714
1377 0.179856
1377 4.268227
1377 0.193124
1377 0.217485
1377 0.189342
1377 0.191311
1353 0.224155
1353 0.181303
1353 0.210124
1353 0.180214
1353 0.181256
1353 0.210875
1353 0.177001
1353 0.189114
1352 0.187309
1352 0.175776
1352 0.214079
1352 0.177952
1352 0.179404
1352 0.210198
1352 0.18323
1351 1.268736
1351 0.186975
1351 0.221624
1351 0.183181
1351 0.18055
1351 0.2188
1351 0.180664
1347 0.21396
1347 0.183921
1343 0.185487
1343 0.218592
1327 0.196375
1327 0.22632
1327 0.207216
1327 0.232265
1327 0.211297
1327 0.182385
1327 0.215616
1327 0.184838
1327 0.216684
1327 0.184377
1327 0.183721
1327 0.213777
1327 0.182587
1327 0.215484
1327 0.189563
1327 0.182765
1327 0.221405
