18179 15.734327
18170 1.208872
18163 0.972553
18163 1.028112
18159 0.966352
18151 0.969973
18145 1.00022
18110 12.675449
18110 0.770035
18106 0.686269
18083 0.64863
18064 0.711674
18064 0.727106
18058 0.740366
18053 0.684248
18032 0.647087
18032 6.572951
18024 3.268381
17996 0.537516
17977 0.496893
17977 0.485266
17977 0.474022
17977 2.320892
17962 0.421301
17962 0.405641
17949 0.405985
17883 0.416131
17883 0.414198
17872 0.417352
17872 0.463882
17872 0.397637
17872 7.810562
17831 0.436223
17824 0.384903
17800 0.380627
17790 0.425528
17790 0.386886
17777 0.418164
17776 0.386451
17775 0.445664
17775 4.401899
17765 0.436431
17754 0.36708
17722 0.34199
17722 0.382357
17722 0.341296
17722 0.379749
17713 0.368584
17703 0.392402
17703 0.382184
17703 1.332486
17672 0.391835
17672 0.347466
17663 0.342264
17636 0.380854
17636 0.343467
17636 0.395576
17636 5.702418
17618 0.425047
17618 0.320562
17618 0.353649
17595 0.326876
17580 0.318934
17552 0.355286
17552 0.323737
17540 4.503985
17540 0.333037
17540 0.314079
17518 0.360935
17518 0.315482
17506 0.31494
17506 0.351223
17487 0.316764
17487 0.352165
17480 1.508313
17480 0.316954
17465 0.317741
17439 0.315565
17439 0.346219
17439 0.31607
17426 0.315752
17426 0.518347
17406 0.319819
17383 0.369045
17383 0.317473
17368 0.31559
17362 5.902182
17362 0.36943
17362 0.31901
17304 0.323872
17301 0.360842
17233 4.787604
17233 0.344717
17233 0.464089
17233 0.35297
17217 0.380606
17217 0.349056
17194 0.353945
17189 0.38779
17186 0.367216
17186 0.321397
17168 0.320462
17165 0.355489
17165 0.319176
17165 0.324451
17123 0.323872
17059 0.319483
17059 0.361677
17059 0.32259
17020 0.344534
17001 4.316091
17000 0.337924
16995 2.717327
16981 0.424768
16966 0.444204
16944 0.349576
16944 0.381828
16944 0.350865
16941 0.348578
16941 0.356759
16941 0.355378
16941 0.397643
16936 0.331244
16934 0.323194
16923 0.490178
16923 2.348619
16922 0.378496
16922 0.55041
16906 0.640323
16861 0.372703
16844 0.360318
16839 0.329543
16839 0.363418
16839 0.358771
16839 0.361498
16839 0.327923
16839 0.362119
16818 0.362124
16818 4.404466
16811 0.346882
16783 0.376429
16783 0.372726
16783 0.364166
16783 0.329143
16775 0.382347
16752 0.365668
16752 0.364345
16752 0.331177
16732 0.366007
16732 4.760304
16721 0.376298
16707 0.341566
16696 0.33292
16696 0.365325
16696 0.334607
16696 0.377541
16696 0.336365
16637 0.331511
16609 0.368692
16571 4.292711
16545 0.386125
16513 0.338908
16513 0.335013
16510 0.412185
16494 0.333885
16450 0.332749
16432 0.371046
16428 0.332938
16427 0.368136
16411 0.336512
16403 4.33468
16403 0.381929
16403 0.338587
16403 6.964151
16376 0.417238
16376 0.343531
16376 0.343903
16376 4.488106
16329 0.452928
16329 0.366938
16327 0.36489
16327 0.405613
16327 0.402693
16327 4.352963
16327 0.37693
16327 0.399717
16327 0.41148
16327 0.444505
16318 0.606113
16295 0.588469
16293 0.346875
16293 0.37024
16285 0.344428
16268 9.778631
16268 6.193896
16268 0.394647
16249 0.340263
16244 0.383945
16244 0.345747
16240 0.341729
16240 0.35884
16226 0.406308
16209 0.356223
16198 0.399129
16193 0.346374
16157 0.341631
16157 4.588978
16157 0.350626
16157 5.856806
16110 0.370649
16110 0.384753
16110 0.35875
16110 0.343727
16110 6.377284
16076 0.394885
16076 0.382109
16041 0.41375
15994 0.646543
15994 0.798627
15994 0.695713
15976 1.076815
15966 0.513802
15966 8.230092
15966 0.377707
15926 0.380494
15926 0.35462
15926 0.349446
15926 0.601808
15898 0.833846
15898 0.390679
15898 0.410949
15898 0.465426
15898 0.458608
15883 0.423337
15883 1.148905
15866 0.439302
15864 8.667041
15857 0.371928
15857 0.349216
15857 0.408987
15857 0.383458
15837 0.392717
15837 0.350761
15837 0.393374
15763 0.391395
15736 0.380638
15736 0.38402
15685 0.350447
15670 0.370615
15658 0.553344
15632 1.012584
15632 0.772181
15592 0.41461
15588 0.383739
15588 0.357217
15547 3.519663
15547 0.634044
15529 0.626538
15525 0.375378
15517 0.421899
15516 0.370809
15516 0.351441
15516 0.405474
15516 0.499125
15498 0.427997
15483 0.353677
15483 0.452587
15476 0.412503
15458 0.355077
15458 8.254226
15458 0.368022
15458 0.36366
15458 0.399976
15430 0.754906
15380 0.360982
15380 0.468452
15379 0.360368
15367 0.387105
15367 0.42378
15354 4.403506
15354 0.428454
15354 0.361036
15349 0.56988
15349 0.359122
15349 0.445255
15349 0.358708
15329 0.357211
15319 4.420143
15319 0.401175
15319 0.424951
15315 0.358826
15274 0.565101
15274 0.362271
15274 0.407087
15259 0.363551
15259 0.396575
15259 4.917892
15259 0.415755
15230 0.383566
15230 0.397871
15230 0.572786
15230 0.398149
15230 0.414218
15202 0.360957
15202 0.437212
15202 0.377157
15202 0.39764
15145 0.365282
15145 0.312756
15145 0.316113
15118 0.283326
15118 0.268184
15118 0.301145
15102 0.267872
15091 0.282352
15091 0.271688
15086 0.301572
15076 0.303667
14999 0.268924
14999 0.501899
14999 0.371512
14999 0.442589
14997 0.415787
14947 0.398596
14923 0.331445
14923 0.32173
14923 0.307953
14889 0.271229
14889 0.285621
14854 0.271525
14853 4.880021
14853 0.285242
14840 0.313812
14840 0.276368
14840 0.310834
14840 0.3094
14840 0.271159
14840 0.283269
14814 0.270611
14814 0.359894
14814 0.315772
14814 0.273289
14814 0.299298
14814 0.297735
14810 0.28207
14810 0.308699
14803 0.272467
14796 0.307351
14796 0.285413
14796 0.277137
14796 0.326955
14729 0.30403
14729 6.856216
14668 0.31025
14666 0.278734
14648 0.309722
14644 0.335989
14644 0.277413
14644 0.313345
14640 0.286218
14640 0.276657
14637 0.312761
14614 0.277092
14609 0.316666
14585 0.285536
14545 0.277844
14545 0.286234
14545 0.277759
14531 0.320266
14522 4.340412
14522 0.291585
14522 0.319579
14510 0.279185
14510 0.36623
14510 0.339538
14510 0.27921
14510 0.324596
14510 0.289988
14510 0.280802
14510 0.316947
14510 5.469315
14458 0.298334
14407 0.280723
14394 0.294487
14393 0.353172
14374 0.33292
14366 0.279019
14328 0.291704
14322 0.319901
14322 0.281251
14318 0.292601
14293 0.278878
14286 0.29478
14286 0.29207
14286 0.279043
14286 0.293484
14248 0.281877
14241 4.367777
14241 0.30231
14241 0.282814
14241 0.319497
14241 0.314598
14233 0.280758
14233 0.320208
14231 0.283004
14231 0.293221
14231 0.327265
14228 0.2818
14224 0.325332
14224 4.352711
14224 0.296126
14162 0.303497
14159 0.281278
14159 0.284278
14149 0.319366
14113 0.283185
14113 0.295294
14097 0.285837
14091 0.285819
14091 0.299375
14091 0.284079
14090 0.296954
14090 0.28624
14060 4.366278
14059 0.331181
14050 0.285419
14050 0.299286
14050 0.32588
14048 0.28741
14048 0.300828
14048 0.315012
14048 3.21348
14047 0.335948
14047 0.28787
14047 0.322656
14047 0.334318
14047 0.289006
14042 0.298917
14042 0.288689
14015 0.353856
14015 0.308021
13992 0.287744
13975 0.30137
13975 0.322483
13965 0.316937
13965 0.301088
13965 0.288518
13938 0.30128
13938 0.299554
13912 0.28745
13908 0.324648
13908 0.357378
13908 0.316804
13874 0.293824
13866 0.303805
13862 0.335072
13817 0.384856
13817 0.319066
13797 0.358762
13797 0.292409
13788 0.327119
13781 0.331678
13781 0.292704
13781 0.303241
13773 0.292353
13773 0.329312
13773 0.304454
13708 0.292821
13708 0.331433
13679 0.319418
13673 0.295241
13673 0.343032
13673 0.307592
13673 0.295142
13670 0.329487
13670 0.293635
13670 0.32964
13670 0.331456
13670 0.296433
13670 0.33171
13670 0.902608
13614 0.2979
13614 0.295547
13614 0.308167
13614 0.297103
13559 0.337058
13559 0.307579
13559 0.296185
13556 0.343267
13555 0.377551
13543 0.297902
13535 0.384488
13535 0.365695
13535 0.394447
13535 0.33338
13535 0.334542
13535 0.365378
13524 0.320306
13513 0.309006
13513 0.323453
13513 0.299879
13513 0.309648
13513 0.310063
13513 0.300005
13491 0.335304
13491 0.442696
13491 0.311137
13491 0.313567
13491 0.337993
13481 0.298267
13481 0.334811
13474 0.311048
13473 0.300573
13441 0.311426
13441 0.314524
13441 0.303725
13441 0.317396
13438 0.30017
13438 0.357511
13438 0.33774
13430 0.30161
13412 0.313042
13402 0.314921
13384 0.304514
13384 0.3134
13384 0.314744
13384 0.304455
13384 0.316782
13379 0.303741
13379 0.314384
13379 0.878558
13379 0.341675
13379 0.313133
13379 0.438325
13379 0.337075
13375 0.303952
13375 0.338839
13366 0.319329
13366 0.302821
13359 0.339411
13282 0.347455
13282 0.307608
13281 0.313915
13281 0.334625
13281 0.306631
13281 0.315937
13281 0.341925
13273 0.306586
13260 0.320163
13256 0.340572
13256 0.320008
13256 0.355828
13239 0.386409
13239 0.343726
13224 0.323373
13221 0.318929
13187 0.306297
13187 0.318076
13187 0.318695
13187 0.306978
13187 0.317696
13187 0.307815
13184 0.355953
13184 0.341764
13184 0.319141
13183 0.309695
13183 0.320732
13167 0.30965
13148 0.34224
13142 0.351332
13106 0.309555
13106 0.320556
13097 0.321034
13097 0.307932
13080 0.363272
13080 0.36232
13080 0.310106
13080 0.32462
13080 0.362501
13080 0.868877
13080 0.310696
13041 0.323158
13041 0.322191
13041 0.309091
13041 0.356011
13041 0.385553
13041 0.310368
13041 0.34444
13041 0.325236
13026 0.310779
13024 0.34814
13006 0.332381
13006 0.310617
12949 0.36307
12929 0.349509
12893 0.312197
12873 0.346813
12871 0.365309
12871 0.322843
12871 0.314588
12871 0.324983
12854 0.455259
12854 0.316549
12843 0.361495
12829 0.327753
12826 0.315937
12826 0.327562
12826 0.326222
12826 0.314652
12826 0.35511
12826 0.32791
12826 0.317544
12826 0.350308
12821 0.330092
12821 0.315121
12821 0.32759
12821 0.329846
12791 0.31761
12773 0.3278
12773 0.355078
12773 0.318192
12773 0.375294
12753 0.330473
12753 0.342398
12751 0.319422
12751 0.357615
12751 0.336162
12739 0.323845
12731 0.96196
12731 0.334211
12731 0.382303
12725 0.321173
12725 0.356246
12725 0.333005
12725 0.317878
12692 0.331019
12692 0.332641
12692 0.319051
12672 0.339287
12672 0.364377
12672 0.328264
12669 0.331564
12669 0.348639
12667 0.321171
12647 0.32297
12647 0.357953
12638 0.355401
12638 0.396881
12638 0.374793
12598 0.361066
12594 0.333919
12594 0.32405
12594 0.458723
12594 0.365511
12588 0.335165
12588 0.326849
12588 0.361722
12588 0.33849
12563 0.323855
12525 0.364433
12525 0.336656
12478 0.326072
12469 0.361536
12469 0.336176
12454 0.350477
12454 0.326076
12454 0.336606
12454 0.337023
12454 0.327877
12454 0.344348
12445 0.340787
12425 0.327275
12425 0.340214
12425 0.363046
12425 0.328909
12425 0.363431
12410 0.367495
12399 0.907578
12399 0.330143
12386 0.374834
12386 0.338622
12386 0.32898
12386 0.351087
12382 0.369721
12377 0.34053
12377 0.327857
12377 0.386123
12348 0.366541
12348 0.330126
12333 0.347126
12333 0.362661
12333 0.341336
12329 0.328819
12329 0.427515
12317 0.367845
12311 0.34238
12311 0.331471
12301 0.365591
12301 0.366402
12288 0.329239
12288 0.339341
12261 0.367121
12254 0.330884
12254 0.34197
12248 0.368355
12248 0.346201
12248 0.330337
12248 0.418423
12248 0.411413
12248 0.349084
12188 0.332621
12188 0.362191
12188 0.414509
12171 0.397986
12171 0.404994
12171 0.333437
12171 0.346272
12135 0.347901
12135 0.333151
12135 0.371784
12130 0.347854
12130 0.337447
12130 0.344336
12130 0.380614
12130 0.363211
12130 0.338101
12130 0.882147
12130 0.372898
12130 0.384204
12130 0.334349
12130 0.346397
12129 0.349308
12129 0.335663
12127 0.374754
12127 0.34825
12124 0.347602
12099 0.335786
12099 0.425943
12099 0.373638
12099 0.409885
12099 0.338437
12099 0.37489
12085 0.349224
12085 0.348542
12085 0.337685
12085 0.374111
12073 0.35074
12073 0.338285
12073 0.348782
12073 0.350446
12061 0.366534
12043 0.338623
12043 0.352358
12043 0.350312
12043 0.339173
12043 0.379429
12043 0.353513
12043 0.370703
12032 0.348409
12032 0.350203
12032 0.42213
12028 0.438793
12028 0.393209
12028 0.353899
12028 0.354743
12028 0.382411
12028 0.342157
12028 0.381411
11991 0.354659
11979 0.398929
11979 0.382249
11979 0.382424
11979 0.345647
11979 0.359127
11979 0.395342
11979 0.932065
11979 0.366973
11979 0.356559
11979 0.354365
11979 0.381823
11979 0.491007
11979 0.353761
11979 0.373227
11979 0.38726
11968 0.357224
11968 0.344068
11968 0.361485
11968 0.376748
11959 0.341401
11959 0.386046
11959 0.499069
11954 0.409526
11954 0.378382
11954 0.38287
11924 0.345954
11924 0.376745
11924 0.384397
11924 0.381219
11907 0.345108
11907 0.38022
11907 0.405264
11907 0.379935
11899 0.346645
11890 0.379262
11878 0.386473
11878 0.38089
11878 0.347075
11878 0.37802
11878 0.38666
11864 0.381546
11862 0.348613
11862 0.395735
11862 0.380957
11862 0.379305
11862 0.348598
11831 0.385417
11829 0.385796
11824 0.381962
11824 0.353223
11824 0.381819
11824 0.385494
11820 0.40339
11812 0.393827
11806 1.023473
11806 0.351508
11806 0.387002
11783 0.384339
11783 0.384889
11783 0.354319
11783 0.448657
11783 0.399517
11783 0.390081
11783 0.386227
11765 0.383652
11765 0.355344
11760 0.43271
11760 0.388064
11760 0.385872
11760 0.353588
11740 0.387604
11726 0.385425
11726 0.389159
11726 0.390809
11690 0.353723
11690 0.406258
11667 0.410203
11667 0.390669
11667 0.355043
11667 0.389614
11667 0.387779
11667 0.387422
11667 0.387974
11667 0.359129
11651 0.386586
11651 0.394323
11644 0.407204
11644 0.356065
11644 0.393097
11631 0.419566
11631 0.430813
11617 0.39855
11600 0.384035
11591 0.359488
11591 0.39005
11577 0.398142
11576 0.412234
11534 0.364323
11534 0.391635
11534 0.404824
11515 0.394524
11515 0.399816
11515 0.956089
11515 0.360253
11515 0.413502
11512 0.40614
11512 0.393922
11512 0.391372
11512 0.360589
11512 0.402664
11512 0.391808
11502 0.392855
11502 0.357928
11502 0.394705
11491 0.400087
11491 0.41259
11491 0.403068
11491 0.357991
11458 0.391389
11458 0.394035
11457 0.417807
11443 0.395335
11443 0.36229
11423 0.397538
11423 0.396074
11423 0.409626
11423 0.398048
11415 0.374953
11415 0.395198
11415 0.40203
11412 0.437268
11412 0.401077
11412 0.428332
11406 0.365009
11376 0.397104
11376 0.420037
11376 0.396828
11376 0.364713
11376 0.39689
11376 0.39596
11376 0.407869
11376 0.394282
11362 0.39073
11362 0.416695
11362 0.397344
11345 0.423198
11338 0.399959
11338 0.398103
11325 0.368865
11325 0.400806
11319 0.970933
11319 0.402512
11319 0.421326
11298 0.41915
11298 0.367616
11298 0.39739
11285 0.401735
11285 0.401173
11285 0.399918
11285 0.366577
11285 0.401326
11283 0.418998
11281 0.4022
11273 0.417188
11239 0.369015
11239 0.403161
11239 0.407381
11229 0.451426
11229 0.431144
11229 0.413097
11229 0.395021
11229 0.401383
11229 0.418977
11154 0.440316
11103 0.404311
11103 0.401837
11085 0.370492
11082 0.407605
11082 0.4086
11082 0.403923
11082 0.403541
11072 0.372325
11064 0.402592
11047 0.422461
11047 0.404721
11047 0.403005
11046 0.371586
11045 0.403107
11004 0.41596
11004 0.437926
11004 0.405296
10990 0.41127
10990 0.373814
10990 0.421751
10990 0.406889
10990 0.416152
10981 0.412844
10957 0.433602
10955 0.966139
10951 0.373599
10951 0.428908
10951 0.422617
10934 0.406906
10934 0.416074
10934 0.395178
10934 0.382643
10924 0.405024
10924 0.404333
10924 0.432887
10924 0.455081
10922 0.416999
10897 0.385875
10877 0.41227
10868 0.40826
10854 0.434075
10827 0.420801
10827 0.407714
10803 0.388336
10782 0.405684
10782 0.419926
10782 0.424692
10782 0.410187
10782 0.388994
10782 0.399025
10782 0.41085
10782 0.4101
10782 0.409473
10782 0.410263
10764 0.378107
10753 0.416051
10753 0.423107
10753 0.41264
