145716 116.993603
145702 4.959634
145684 9.100704
145651 3.510322
145648 11.521805
145606 10.937713
145583 9.461729
145554 7.637143
145554 6.972857
145554 7.622764
145541 3.276093
145532 9.367429
145532 9.564815
145482 7.505616
145473 3.358411
145471 7.389977
145471 7.482061
145471 3.361899
145420 8.910796
145420 7.506585
145420 3.363766
145409 7.593418
145409 3.70236
145367 7.601567
145367 3.573007
145333 7.553378
145297 7.498578
145265 14.276361
145261 14.52405
145261 2.829953
145261 7.007593
145261 8.72595
145261 3.482543
145241 7.003102
145237 7.426779
145235 2.825997
145214 3.031587
145205 2.933266
145205 12.004949
145195 3.380454
145181 10.958714
145166 6.968277
145153 2.568167
145142 6.708812
145142 6.872353
145142 3.196381
145142 2.640015
145137 11.036998
145131 6.839163
145131 5.729539
145078 2.671982
145059 3.532064
145059 2.586111
145049 2.559075
145019 2.5409
145019 2.668839
145019 2.604531
145019 2.567162
145019 3.109105
145014 2.543849
145006 3.118679
144978 2.63843
144957 2.633245
144953 2.523466
144953 3.568572
144943 2.613423
144943 2.567989
144920 2.883924
144920 2.669456
144920 2.538075
144920 2.57062
144920 3.085061
144919 2.591759
144919 2.650772
144878 2.695783
144878 2.58679
144796 2.523199
144796 3.587604
144796 2.56884
144796 2.564409
144773 2.647728
144773 2.815552
144749 2.565741
144715 2.577721
144691 3.096358
144658 2.582065
144624 2.593765
144610 2.588541
144610 2.58024
144584 2.753017
144557 3.703172
144524 2.606049
144524 2.61355
144524 9.015707
144524 6.702484
144517 2.570489
144489 6.776955
144485 8.816068
144485 2.638483
144454 2.736526
144454 2.673942
144445 9.477081
144370 2.534787
144353 3.497675
144353 2.551653
144314 3.572323
144238 3.21164
144238 2.50358
144236 2.466256
144236 2.482065
144220 4.758339
144209 2.527225
144209 2.415168
144188 2.478146
144168 2.595355
144110 2.637053
144110 5.910095
144110 2.548129
144066 2.551197
144066 2.511446
144066 2.542199
144066 2.805716
144066 2.448022
144046 2.940775
144046 2.763646
144039 2.619741
144029 2.595346
144029 4.709405
144029 2.987273
144028 3.690925
144014 2.826618
143966 2.98585
143966 2.65406
143966 2.636422
143966 2.602342
143966 2.769902
143966 3.342452
143899 2.730367
143899 2.534855
143848 2.53278
143848 2.493461
143848 7.054961
143832 4.093444
143832 3.04574
143832 2.837607
143832 2.434045
143832 2.543795
143832 3.112308
143818 2.469
143816 2.928345
143805 2.586264
143795 2.463997
143795 2.456523
143792 2.615513
143792 2.465591
143792 3.516838
143737 2.528575
143737 2.410643
143708 2.563919
143634 2.713893
143623 2.471729
143574 2.56665
143574 3.23193
143521 2.524353
143521 2.422916
143505 2.707341
143483 2.463027
143483 2.534065
143458 3.743515
143458 2.52047
143415 2.507239
143410 2.537365
143410 2.522255
143384 2.467154
143384 2.495627
143384 3.060841
143384 2.45233
143382 2.492854
143363 2.530192
143363 2.475414
143342 2.462261
143342 3.444556
143336 2.483582
143336 2.720669
143336 2.744515
143336 2.431611
143336 2.734459
143336 2.521189
143326 3.028244
143304 2.529758
143304 2.592386
143282 2.592326
143257 2.797153
143257 2.461527
143257 3.470065
143257 2.503839
143219 2.598795
143219 2.455958
143213 2.539464
143191 2.587052
143191 2.475317
143191 2.916086
143158 2.74235
143147 2.644569
143147 2.63574
143136 2.553457
143136 2.487371
143136 3.532238
143132 2.989083
143132 2.638087
143132 2.631253
143132 2.60067
143127 2.620022
143127 2.639863
143127 3.261331
143118 2.728757
143101 2.641843
143085 2.692764
143085 2.645943
143085 3.125904
143076 4.129215
143076 2.585853
143076 2.60856
143076 2.595426
143023 2.611761
143005 2.719886
143005 2.71581
143005 3.136946
142985 2.578663
142985 2.601352
142985 2.718135
142985 2.562441
142985 2.685431
142967 3.688363
142967 2.590807
142967 2.590904
142967 2.586659
142929 2.664054
142929 2.674637
142906 2.603694
142862 3.088846
142845 2.595245
142828 2.592198
142828 2.603784
142828 2.71652
142828 2.682182
142819 3.748569
142772 2.619505
142699 2.59477
142671 2.65948
142671 2.622365
142667 2.610546
142664 2.811854
142664 3.104212
142662 2.611731
142624 2.79162
142572 2.980827
142564 2.690627
142560 2.611711
142543 3.650324
142543 2.69421
142519 2.586713
142519 2.59366
142519 2.722231
142511 2.600516
142493 2.617357
142493 3.212946
142489 2.571695
142459 2.618085
142459 2.59839
142448 2.61964
142448 2.622044
142448 3.876237
142428 2.694861
142428 2.620676
142428 2.644527
142402 2.600487
142385 2.597992
142385 2.680594
142385 3.08776
142363 2.598988
142363 2.739977
142362 2.62094
142362 2.576246
142360 2.702106
142360 3.721896
142317 2.631219
142308 2.62404
142308 2.606191
142308 2.603301
142299 2.843684
142263 9.876494
142263 7.268011
142263 2.629592
142256 6.771161
142256 6.815642
142256 2.648903
142256 6.754132
142239 5.917036
142239 8.45059
142239 2.601671
142187 2.60138
142187 2.606903
142119 2.740353
142119 4.05643
142119 3.10282
142119 2.831009
142111 2.67363
142111 4.875655
142111 2.551842
142111 2.528485
142105 3.523368
142105 2.595114
142105 4.352105
142088 2.718213
142088 2.584299
142061 2.703168
142032 2.758034
141994 3.058064
141994 2.738193
141961 2.622623
141961 2.589002
141952 2.744324
141907 2.597135
141894 3.801429
141894 2.661019
141888 2.6619
141888 4.167064
141888 2.740756
141888 2.531341
141853 3.013046
141853 3.182177
141816 2.625317
141788 2.632132
141788 2.59336
141788 2.608822
141788 2.626739
141788 3.791383
141788 2.631441
141788 2.597715
141764 2.614592
141764 2.615799
141764 2.75282
141764 2.596654
141759 3.316136
141743 2.659391
141733 2.598446
141719 2.737506
141719 2.869968
141719 3.274241
141695 3.644182
141677 2.548468
141657 2.569724
141657 2.63636
141649 2.548555
141639 2.758372
141603 2.575313
141597 2.999727
141562 2.590515
141562 2.619725
141562 2.58985
141562 2.571237
141562 2.592649
141562 3.510021
141534 2.564411
141484 2.688802
141484 2.59054
141484 2.716706
141466 2.596313
141422 2.602078
141418 3.069564
141418 2.603581
141403 2.746653
141403 2.780055
141403 2.603694
141403 2.583428
141403 3.560079
141387 3.22644
141387 2.592529
141359 2.59075
141359 2.538121
141359 2.634821
141293 2.552244
141293 2.988083
141293 5.150455
141200 2.566168
141164 2.604618
141141 2.798871
141138 2.601921
141138 3.559016
141127 2.586105
141112 3.102539
141045 2.566926
141045 2.624044
141045 2.619828
141045 3.775511
141045 2.675104
141031 2.561074
141031 2.536458
141031 2.845274
141029 2.636059
141029 2.57198
141026 3.599274
141026 2.554679
141026 2.915301
141026 2.619636
141026 2.628209
140990 2.580191
140990 3.766225
140970 3.5896
140970 2.700716
140960 2.618817
140938 2.63157
140938 2.583826
140895 2.621854
140869 3.457782
140869 2.80059
140863 2.593623
140851 2.573913
140847 2.581871
140847 3.133242
140847 3.847382
140828 2.746182
140827 2.582594
140792 2.803227
140777 2.768528
140777 2.724516
140723 2.649431
140718 3.88708
140718 2.880725
140718 2.732752
140718 2.663896
140718 2.656061
140699 2.758033
140699 3.984563
140682 2.793449
140674 2.725477
140672 2.638865
140672 2.608963
140672 2.73806
140672 2.740428
140656 3.599864
140614 2.672115
140614 2.663854
140614 2.757846
140614 2.696089
140596 2.997268
140564 3.972327
140564 2.691344
140488 2.669118
140470 2.667003
140470 2.801181
140470 2.823575
140452 2.76484
140408 3.689135
140403 2.688032
140392 3.104808
140360 2.8937
140343 2.692887
140343 2.679987
140343 4.224592
140302 2.854822
140301 2.784041
140301 3.303249
140286 2.703251
140286 2.622865
140284 2.644005
140265 3.786119
140265 2.688439
140245 2.6301
140213 2.692028
140213 2.66795
140194 2.66126
140194 4.003677
140194 2.710021
140194 2.651283
140194 2.665507
140194 6.969673
140185 2.836187
140185 2.912467
140185 5.005922
140176 2.811786
140176 2.849424
140174 2.757057
140154 10.169586
140114 2.907426
140111 12.165262
140060 6.215456
140045 2.561481
140045 6.341408
140026 5.756998
140026 2.736159
140026 8.444793
140015 3.439358
140015 2.594544
140008 2.703063
140008 4.158544
139997 2.590351
139997 2.559493
139986 3.763522
139986 5.032595
139977 2.760557
139972 2.583689
139972 2.57639
139960 2.612858
139946 3.996756
139946 4.179573
139905 2.562441
139905 2.634056
139886 2.680428
139886 2.734088
139886 2.600918
139876 4.087621
139876 2.629423
139876 2.600767
139876 2.609906
139800 2.761251
139786 2.661802
139786 2.734327
139772 3.412963
139772 2.605808
139761 2.560605
139749 2.880018
139749 2.76511
139748 2.688038
139748 4.142999
139748 3.303065
139737 3.19022
139694 2.844838
139694 2.756686
139694 2.775072
139694 2.771435
139677 3.568633
139677 2.859227
139677 2.790161
139659 3.003136
139659 2.769209
139659 2.738664
139659 4.231931
139638 2.730757
139599 2.62606
139582 2.575573
139582 2.700968
139582 2.729891
139582 2.729381
139582 3.492651
139582 2.706204
139527 2.614108
139489 2.601428
139489 3.124019
139489 2.769044
139489 3.813183
139489 2.658892
139485 2.594811
139485 2.759267
139477 2.577049
139458 2.705493
139458 2.65903
139458 3.286401
139458 2.5829
139458 2.903241
139458 2.65047
139436 2.67519
139436 2.645104
139436 3.728242
139436 2.649419
139434 2.614356
139411 2.627846
139404 2.659025
139382 2.6224
139378 2.641167
139376 3.616463
139367 2.631798
139332 2.595643
139332 2.717153
139315 2.698686
139296 2.607163
139296 3.819341
139296 2.945328
139296 2.773014
139296 2.676879
139296 2.856035
139296 2.828961
139296 2.673973
139296 3.264263
139296 2.791831
139296 2.81123
139296 2.694065
139289 2.66493
139230 2.717124
139215 3.889126
139206 2.755293
139206 2.860001
139197 2.735451
139180 2.659744
139162 2.69243
139162 2.748416
139151 3.264051
139151 2.732791
139145 2.699843
139145 2.718617
139104 2.656937
139095 2.682988
139060 3.834952
139060 2.809029
139007 2.714357
139007 2.729865
139007 2.666611
138990 2.995743
138990 2.856334
138984 3.488962
138984 2.795121
138984 2.692753
138957 3.225275
138933 3.027992
138932 2.789043
138932 3.703924
138932 2.69577
138913 2.696271
138901 2.750857
138898 2.66044
138898 3.288787
138880 2.651126
138876 3.054414
138863 2.695244
138850 2.696057
138850 2.620348
138843 2.697676
138804 2.620371
138804 3.502593
138804 2.605974
138792 2.815539
138791 2.701979
138780 2.680588
138745 2.720361
138716 4.303151
138716 2.860959
138716 2.791503
138707 2.652279
138707 2.728301
138690 2.690381
138683 3.083445
138683 3.567521
138683 2.622561
138663 2.753153
138663 2.631845
138655 2.643554
138655 2.712939
138652 4.023994
138652 2.639049
138588 3.386238
138588 2.703039
138588 3.580785
138588 2.928609
138582 2.701483
138582 4.167372
138582 3.978312
138535 2.70931
138505 2.79917
138467 2.756567
138467 2.721136
138454 3.943655
138380 2.75364
138371 2.755538
138349 2.798251
138349 2.703594
138349 2.662715
138333 2.695278
138331 3.399948
138328 2.638387
138305 2.735332
138272 2.66015
138249 2.718873
138249 2.67347
138249 3.835768
138249 2.71479
138249 2.821376
138194 3.038303
138182 2.920643
138137 2.821086
138135 2.888811
138111 3.552568
138045 2.752195
138015 2.771507
137969 2.754259
137969 2.632589
137969 2.719542
137966 4.066388
137966 2.706499
137927 2.692701
137927 2.610252
137891 2.662141
137891 2.668344
137864 3.060931
137834 3.613891
137818 2.71999
137817 2.697844
137794 2.642409
137780 2.916444
137756 2.818739
137756 4.034738
137740 2.679144
137733 2.669279
137733 2.615463
137722 2.750904
137708 2.764672
137708 2.679992
137684 3.377613
137684 2.650849
137684 3.924741
137672 2.767275
137623 2.7405
137586 2.696233
137586 4.442924
137586 2.902736
137586 2.919382
137586 2.816227
137586 2.799859
137586 2.805979
137570 2.857697
137561 3.481267
137561 2.873136
137550 2.829224
137550 2.824424
137515 2.808174
137515 2.818081
137479 3.869758
137479 2.905417
137479 2.857071
137479 2.837033
137479 2.749809
137444 3.553448
137419 2.857874
137419 3.154748
137372 2.820958
137312 2.735004
137281 2.740262
137266 2.827
137266 2.733652
137266 3.629535
137266 2.790832
137266 2.773586
137266 2.737194
137259 2.871655
137254 2.732574
137254 4.271162
137225 2.831141
137225 2.744193
137225 2.754521
137225 2.786186
137203 2.745221
137203 2.910681
137203 3.83796
137182 2.76122
137182 2.921257
137182 2.673559
137182 2.722084
137182 2.704556
137136 4.059299
137136 2.736589
137136 2.780578
137135 3.190096
137135 2.718851
137135 2.626815
137135 2.746365
137131 3.5932
137130 2.893794
137130 2.655786
137120 2.811693
137106 2.689638
137106 2.648961
137084 4.16926
137082 2.820411
137082 2.715279
137082 2.771729
137082 2.652867
137082 2.922754
137082 2.909931
137071 4.277473
137064 3.294741
137064 2.71683
137064 2.800293
137064 2.975301
137064 2.829486
137064 4.589641
137064 2.709279
137064 2.977613
137064 2.924837
137040 2.821353
137040 3.147278
137014 2.994084
137011 3.43202
137011 2.788891
137011 2.859312
137011 2.838651
137011 2.777392
137011 2.725446
137011 4.128238
136989 2.829446
136989 2.832149
136989 2.813048
136988 2.75694
136988 2.739685
136980 7.432238
136980 4.58879
136980 4.045545
136961 3.955747
136932 2.972639
136920 2.766102
136887 2.781997
136883 3.832376
136883 2.794094
136876 2.874857
136876 2.758413
136876 2.796744
136852 2.789364
136837 2.773889
136812 3.291811
136812 2.892467
136782 2.762397
136751 3.004278
136725 2.839614
136709 2.782693
136703 3.672022
136698 2.809887
136698 2.813778
136694 2.775164
136694 3.255619
136694 2.775389
136677 4.043362
136677 2.899523
136677 2.773545
136677 2.765106
136666 2.735036
136657 2.824071
136657 2.923835
136657 3.60532
136657 2.819514
136657 2.76604
136616 2.829411
136600 2.830017
136600 2.792209
136600 4.727707
136599 2.862538
136599 2.867709
136576 2.827567
136576 2.973291
136569 3.152181
136569 2.856279
136564 3.50963
136564 2.787984
136556 2.916655
136548 2.75248
136545 2.760709
136545 2.749582
136508 4.03238
136508 2.768158
136508 2.867763
136499 3.168556
136499 2.810151
136471 2.752639
136459 2.767089
136424 3.707406
136398 2.881529
136382 2.740022
136380 2.778551
136364 2.700626
136285 2.728839
136285 4.047868
136273 2.833716
136271 2.861263
136271 2.910199
136271 2.896681
136271 2.828223
136228 2.785395
136228 3.363051
136228 2.927647
136228 2.762798
136228 2.873989
136173 2.888245
136154 2.834357
136154 3.811092
136154 2.848327
136154 2.905614
136154 2.855555
136154 2.759952
136145 2.804746
136130 2.861942
136130 3.218105
136130 2.835028
136069 2.814929
136069 2.797859
136048 2.832338
136032 2.763998
136032 4.131851
136032 3.186224
136006 2.881384
136006 2.844277
135982 2.925533
135954 2.731263
135954 3.924427
135954 2.930161
135939 2.73449
135918 2.707462
135918 2.974239
135918 2.73009
135888 2.707405
135888 3.73906
135863 2.798294
135863 2.695053
135863 2.676606
135860 3.716149
135845 2.949293
135845 4.036003
135818 2.964545
135808 2.794593
135787 2.812738
135763 2.870385
135733 2.875398
135648 2.793844
135636 3.522325
135617 2.853267
135617 2.85285
135601 3.082562
135601 2.924915
135601 2.887349
135601 3.87852
135601 2.868866
135601 2.908779
135601 2.835043
135583 3.038275
135550 2.81991
135542 2.79003
135542 3.408778
135520 2.955641
135520 2.779714
135520 2.78954
135520 2.879049
135520 2.769238
135520 3.833602
135520 2.934964
135520 2.999802
135510 2.79463
135505 2.797463
135437 2.82746
135424 2.968341
135417 3.285922
135417 2.830523
135417 2.815914
135417 2.753531
135417 2.813003
135417 2.898898
135397 3.820796
135397 2.788972
135397 3.056663
135397 2.907817
135363 2.863396
135339 2.879484
135339 4.235949
135339 2.9459
135326 2.871466
135326 4.04421
135326 2.841518
135314 2.800491
135314 2.838801
135289 3.700852
135249 2.991854
135240 2.870557
135208 2.803088
135176 2.792404
135154 2.845933
135113 4.037485
135113 2.857995
135113 2.833114
135093 2.873306
135074 2.810523
135039 2.8401
135023 2.926556
135019 3.611497
135010 2.866853
135001 2.908442
135001 2.93473
134982 2.901224
134949 2.873118
134931 4.080479
134931 2.876965
134915 3.237749
134885 2.825017
134885 2.908965
134885 2.894986
134885 2.946959
134885 3.386908
134885 2.834538
134885 2.826551
134885 2.879771
134885 2.791781
134858 2.958897
134846 3.948629
134844 2.820866
134844 2.869162
134844 2.892414
