298644 221.462635
298624 41.396695
298605 27.632761
298576 23.271627
298576 16.027138
298556 15.09251
298498 15.491448
298498 16.743241
298498 19.78305
298485 15.487664
298462 15.705783
298448 15.971014
298448 18.834184
298445 15.110045
298442 14.710503
298436 20.983869
298436 5.902835
298428 11.608151
298428 7.577782
298420 6.143375
298420 6.21977
298399 10.373693
298399 5.83813
298395 5.970422
298395 6.428945
298373 8.258219
298368 5.942762
298368 5.981954
298359 26.00096
298350 5.875963
298350 6.015519
298350 5.866919
298339 10.345219
298333 5.822635
298333 6.273293
298298 6.157091
298281 5.933064
298265 8.01427
298246 5.657777
298229 6.006795
298208 6.286707
298189 7.969841
298174 5.659042
298166 6.099486
298166 5.805909
298165 9.206773
298165 5.995487
298162 6.017727
298154 6.11834
298154 6.848752
298134 7.358107
298096 5.858092
298096 6.106948
298085 13.652531
298021 15.156485
297978 14.519555
297978 10.985199
297977 11.917727
297977 9.690246
297977 8.226804
297925 8.728954
297919 5.80036
297919 8.057186
297912 7.827126
297912 6.62982
297912 6.895367
297912 6.536154
297912 11.185211
297885 7.416058
297885 5.830556
297885 6.105917
297885 6.018684
297848 6.825517
297848 5.650412
297845 5.829059
297845 6.088251
297806 7.855166
297754 5.800759
297754 6.173044
297754 6.229167
297700 10.416045
297700 19.078773
297691 10.603386
297637 17.180374
297614 10.231208
297603 23.282473
297594 9.70695
297593 12.908713
297593 5.779138
297584 10.62065
297580 7.228903
297580 7.794009
297580 6.643703
297580 9.71806
297567 6.14212
297567 8.103568
297567 5.98593
297566 6.55049
297566 7.79501
297488 5.987628
297488 6.676345
297465 6.250985
297446 8.982852
297441 5.89303
297441 6.124103
297436 6.703122
297435 6.131272
297390 7.330169
297390 6.067578
297363 6.098039
297335 7.349872
297319 7.644093
297312 9.016961
297234 5.963197
297229 7.351732
297164 9.769142
297164 6.22771
297144 6.392762
297137 6.263114
297137 6.485237
297131 11.699869
297131 6.655735
297131 7.069798
297129 6.127259
297117 19.0172
297117 14.648343
297115 10.174723
297115 16.685357
297115 30.901814
297115 8.446888
297042 6.034366
297024 6.411041
297024 6.174891
297024 8.380214
297024 6.257252
296995 6.706105
296995 6.524985
296991 6.900191
296991 7.620457
296948 5.939371
296948 5.86774
296948 6.280599
296917 9.153578
296915 6.189023
296915 5.926881
296885 6.21661
296885 7.80487
296885 7.983644
296872 6.153301
296872 6.166133
296806 6.534394
296749 6.358057
296749 7.205883
296727 6.272819
296710 6.09607
296710 5.905545
296710 8.084313
296627 6.102957
296622 5.876039
296622 6.029604
296610 6.114009
296555 7.637865
296555 6.410665
296553 5.855543
296538 6.26838
296518 6.209646
296506 6.566103
296470 6.365104
296458 5.904414
296452 6.216368
296414 7.773998
296414 5.786083
296414 6.42438
296414 5.92987
296393 6.359287
296393 7.367272
296393 6.193863
296393 6.496981
296392 6.082104
296389 8.871141
296382 5.871742
296382 5.846539
296377 6.157429
296377 6.197791
296353 8.265144
296353 5.911693
296353 6.587677
296353 6.244309
296353 6.12146
296315 7.914491
296308 6.273341
296308 6.352753
296295 6.519601
296282 8.718009
296282 7.742826
296282 7.247542
296272 6.449109
296272 6.973641
296264 8.471193
296245 5.749452
296245 5.709142
296245 5.921103
296238 5.974035
296226 6.58932
296226 5.843447
296142 17.130327
296142 13.558244
296103 14.348277
296073 13.537769
296073 8.177741
296073 6.598135
296073 9.359917
296062 7.997959
296062 8.272577
296031 6.040418
296019 6.488547
295998 6.245089
295998 7.364357
295942 6.168458
295942 5.953867
295937 6.103372
295925 8.666407
295873 7.331684
295873 7.746011
295786 5.926178
295786 7.152638
295786 8.372441
295781 6.044591
295730 6.097171
295730 5.91502
295730 6.40312
295730 6.945649
295730 5.966443
295719 6.264699
295706 6.122148
295706 8.822752
295700 6.324585
295700 6.109736
295700 7.781429
295700 6.381919
295700 8.093509
295681 5.929664
295675 6.050857
295675 7.216604
295664 6.247442
295635 7.271719
295635 5.912402
295626 6.105959
295610 7.227234
295586 7.914234
295581 6.080933
295557 5.956313
295546 6.87934
295546 6.090178
295546 11.734598
295527 7.218663
295522 7.064493
295492 5.985051
295489 5.964964
295477 6.827846
295447 5.900626
295406 6.481632
295406 6.636677
295395 7.852623
295388 6.046832
295377 6.010689
295357 6.217488
295338 6.248175
295301 7.049807
295292 6.159364
295292 6.426702
295292 6.400605
295292 8.676052
295222 6.047542
295222 6.800404
295222 5.972455
295136 6.04133
295101 8.302171
295101 5.858113
295084 6.454946
295084 6.281893
295084 6.558215
295064 7.086804
295064 5.951632
295064 6.562755
295064 6.169776
295021 9.415131
294994 12.919722
294978 15.05288
294967 14.433671
294929 9.74109
294920 15.209247
294920 6.206355
294920 11.300163
294904 6.271718
294904 5.966241
294904 9.251776
294904 5.773761
294884 6.380025
294884 6.148874
294884 8.858505
294875 6.076248
294875 6.109147
294864 6.332753
294864 5.883856
294864 8.006745
294846 6.368059
294778 5.71443
294778 5.890333
294778 6.039906
294727 6.735636
294683 7.294532
294667 5.986205
294630 6.924699
294590 7.790575
294590 5.805353
294554 5.968945
294532 6.334337
294511 5.931234
294511 7.320307
294511 5.915075
294511 6.70507
294500 6.219137
294489 6.418929
294489 6.183023
294489 5.705822
294479 6.246284
294474 5.942099
294456 8.669115
294456 7.604532
294423 5.870297
294418 6.175856
294397 6.686615
294397 6.98683
294397 5.861961
294397 6.044917
294397 6.740434
294397 28.291855
294372 7.031647
294357 5.779115
294357 6.143149
294347 6.061666
294347 8.329074
294347 6.105979
294306 5.83406
294290 5.948375
294281 6.628619
294268 8.161335
294268 6.81019
294268 6.163988
294230 7.172427
294230 6.089195
294219 6.681449
294166 6.562051
294155 5.810228
294145 6.45067
294111 8.194041
294111 5.91106
294042 6.075643
294042 8.190136
294042 6.051059
294042 7.966913
294033 6.967713
294033 5.847405
293949 5.958881
293899 6.24919
293899 8.516587
293899 5.830506
293852 5.884994
293837 13.503397
293837 18.801532
293837 10.761366
293793 13.890409
293793 6.477502
293793 5.888685
293793 13.960213
293793 6.225416
293788 8.282563
293788 6.162425
293788 6.57308
293788 11.558205
293750 6.449431
293702 6.079287
293661 8.449229
293657 5.903189
293598 7.271997
293593 6.078068
293559 5.725987
293539 11.32024
293539 8.239592
293539 6.940361
293502 6.029792
293478 6.745002
293478 6.281262
293478 9.800209
293478 5.83559
293474 6.34315
293464 6.048554
293458 5.983267
293440 7.307441
293440 6.113091
293434 5.901796
293423 6.099094
293423 6.281036
293423 6.881412
293409 6.298012
293409 6.220208
293409 5.951221
293409 9.02917
293390 6.23801
293390 6.261002
293383 6.172805
293341 5.993142
293341 9.222986
293338 6.219054
293325 6.103767
293319 5.73431
293304 5.875055
293289 8.045966
293285 6.446022
293278 5.955766
293278 5.964593
293278 5.862716
293270 7.408579
293257 6.459773
293237 6.508218
293237 6.052283
293210 8.600398
293195 5.899037
293195 5.807466
293195 6.207311
293189 5.804657
293189 8.011347
293189 6.062933
293189 5.981813
293112 5.915338
293085 6.588569
293085 7.217337
293075 6.281584
293045 6.26635
293045 5.916225
292994 6.220525
292992 6.526364
292992 6.205752
292942 6.071397
292942 5.856241
292942 8.696138
292930 6.062095
292930 6.144625
292900 6.210561
292827 6.222262
292827 8.627381
292827 13.955512
292796 18.091747
292709 10.336283
292709 14.509889
292709 7.165473
292699 5.959624
292678 11.2238
292673 6.066174
292627 10.530955
292619 6.453624
292617 6.015182
292617 6.414205
292607 6.083037
292607 10.307274
292549 7.685234
292522 6.522138
292522 6.375527
292462 6.550519
292419 8.371691
292419 6.469093
292412 6.627447
292412 6.358864
292408 6.769519
292408 8.124226
292387 5.99709
292387 6.616805
292363 6.178482
292363 9.287215
292363 5.803137
292331 5.778785
292331 6.347524
292331 6.003846
292311 8.480968
292305 5.69993
292305 5.878687
292305 6.704843
292299 5.944136
292270 7.865523
292248 5.923526
292248 6.477516
292248 6.50059
292227 6.029719
292227 7.302805
292219 5.929525
292198 6.122819
292102 6.202306
292102 8.172471
292102 6.008459
292102 6.003398
292102 5.92403
292097 6.163906
292097 8.117818
292079 5.85521
292079 6.243432
292079 6.609053
292055 6.097253
292055 7.345756
292035 5.935729
292023 6.272039
292023 6.692024
292017 8.499713
292000 6.099121
292000 5.848691
292000 6.359717
292000 5.890958
292000 8.603274
292000 6.010154
291994 5.773898
291994 6.433032
291994 6.168586
291991 8.319661
291991 7.552185
291966 6.447056
291953 6.153886
291953 6.033637
291936 7.375677
291933 6.188981
291933 6.423718
291870 6.590137
291870 13.612575
291858 8.730393
291858 6.672662
291858 5.818971
291858 13.782633
291858 24.967387
291801 10.144528
291801 12.188096
291788 6.055862
291761 9.820231
291760 8.053504
291760 6.232347
291760 8.175564
291760 6.201456
291754 7.062053
291754 6.553605
291718 5.968571
291711 6.640478
291704 6.165026
291704 8.461296
291704 5.999053
291704 6.394457
291692 6.437587
291643 5.864416
291640 7.641241
291640 6.232138
291640 6.444978
291640 6.386737
291633 6.600032
291633 6.990342
291607 5.896433
291589 6.838458
291589 6.291277
291589 8.627824
291589 6.783893
291588 6.047511
291565 6.520165
291514 6.431652
291512 35.936812
291494 6.114929
291482 6.645246
291476 6.594911
291476 6.536906
291459 9.169904
291459 6.586361
291459 6.527658
291445 6.224278
291445 6.651982
291445 8.85237
291445 6.570123
291429 6.310744
291429 6.298299
291429 9.886104
291429 6.283771
291429 6.825457
291429 6.203524
291429 6.431687
291429 9.16334
291429 6.638363
291427 6.32885
291411 6.299705
291411 7.173164
291392 7.402861
291337 7.007048
291333 6.293603
291321 6.372112
291320 8.940454
291320 6.570691
291313 6.409325
291313 7.040884
291313 6.303402
291305 10.133064
291244 8.014443
291244 6.313534
291237 6.32751
291227 6.562359
291227 8.496835
291184 6.409632
291158 6.359632
291142 6.379617
291142 7.824533
291142 15.083315
291132 14.947047
291132 16.09096
291132 17.418288
291123 11.512604
291063 11.457586
291040 6.303388
291040 8.387232
291040 6.608842
291040 9.624518
291022 6.7933
290992 8.477811
290992 6.502043
290992 6.718092
290992 8.01126
290989 6.837289
290974 6.873622
290974 6.535777
290962 6.765589
290950 7.24623
290950 6.332035
290948 6.503053
290948 6.434183
290948 8.670691
290948 6.341298
290948 6.67984
290948 6.646203
290948 6.343416
290907 10.029707
290894 6.152693
290894 6.673776
290891 6.231167
290840 6.236006
290840 6.943927
290838 7.239789
290838 6.699495
290838 6.573054
290805 9.125218
290780 6.570138
290780 8.711889
290780 7.645789
290780 6.564833
290780 8.958975
290780 6.455825
290766 6.893489
290762 6.550251
290710 7.097174
290701 8.82351
290701 6.238097
290698 6.067686
290651 6.70699
290651 6.391288
290643 6.749003
290643 6.456489
290643 6.290917
290624 6.246864
290624 8.247156
290624 6.486011
290571 6.300142
290558 6.306401
290558 6.107738
290558 8.204767
290558 6.241306
290558 6.205345
290497 6.858916
290485 6.212674
290473 7.250689
290467 6.102013
290467 6.243791
290442 6.362699
290439 8.701928
290431 6.453165
290424 6.284251
290424 7.129587
290401 6.284825
290393 8.740714
290390 6.660058
290349 6.334466
290316 6.371998
290316 12.493428
290316 17.319053
290240 14.907496
290237 7.721256
290176 12.399767
290162 8.628186
290152 8.949466
290147 6.113887
290120 7.648944
290120 6.0532
290111 8.921299
290079 6.695595
290079 6.057187
290066 6.345883
290055 6.258385
290055 8.404283
290055 6.644745
290055 5.998768
290055 6.182981
290055 6.102626
290055 6.820228
290035 6.654075
289989 6.016245
289989 6.556706
289989 6.444123
289989 6.689602
289988 6.308009
289988 5.884882
289967 6.237002
289945 7.886031
289935 5.924832
289906 6.35061
289859 6.084625
289859 6.079861
289853 7.87761
289853 7.023689
289853 6.565395
289834 6.357076
289834 6.835313
289834 7.284013
289808 6.37177
289801 6.716736
289788 6.911689
289788 9.493963
289777 7.620521
289755 6.578232
289755 7.015136
289742 6.371642
289742 9.412515
289742 6.398658
289692 6.544054
289692 6.440934
289685 6.762406
289685 8.114065
289685 6.407146
289685 6.708371
289685 6.39843
289685 6.869048
289685 7.110589
289666 6.519954
289647 7.516751
289647 6.446356
289647 9.612737
289647 6.514515
289647 6.790079
289647 8.046888
289647 6.581371
289623 8.052369
289622 6.431593
289622 6.817118
289618 7.36236
289618 6.551311
289606 6.747497
289606 6.207116
289606 6.156287
289598 6.031384
289561 8.590717
289493 5.88258
289484 5.957911
289484 6.101076
289477 6.939955
289461 9.366939
289461 14.241396
289461 15.563232
289461 15.068256
289461 9.471561
289461 15.140855
289461 6.451498
289458 11.387411
289458 6.302716
289433 11.314861
289433 9.24791
289433 6.75537
289433 6.178193
289411 9.459373
289411 33.263421
289406 10.602674
289361 7.412191
289361 5.870033
289361 6.24782
289328 8.682807
289328 6.321655
289328 5.992346
289328 6.061358
289301 6.152506
289301 8.251703
289301 6.405452
289273 5.908317
289273 6.165612
289273 6.431816
289273 6.827427
289273 5.96792
289261 5.97085
289261 6.039507
289261 8.332921
289250 6.312114
289250 6.415859
289250 6.483943
289228 6.328711
289228 7.935754
289186 6.27733
289186 6.261376
289186 7.663666
289177 6.274464
289113 7.414529
289070 6.09812
289046 6.245636
289046 6.240152
289045 8.546932
289045 6.336817
289040 6.101506
289009 6.50801
289000 6.444237
289000 8.646593
288965 6.146438
288961 6.38222
288953 6.311663
288953 6.254307
288953 7.654547
288946 6.438453
288946 6.288575
288946 6.370469
288940 6.535254
288940 6.709645
288928 6.282402
288922 6.535908
288922 6.392366
288895 8.494727
288883 6.25717
288879 6.311674
288879 6.290876
288879 6.823254
288843 8.098373
288773 6.239987
288773 6.458466
288773 6.111262
288773 6.354987
288773 7.101566
288734 6.108762
288728 6.532056
288728 6.408955
288728 25.245437
288679 10.605133
288679 11.640571
288643 14.933602
288643 6.331694
288643 11.962735
288595 6.001917
288552 8.635586
288522 6.479511
288513 9.695401
288510 8.936331
288510 6.743484
288510 7.340712
288508 6.691227
288496 7.634048
288492 7.825285
288492 6.925297
288479 6.456932
288479 6.669488
288479 9.051332
288479 7.200196
288479 6.293076
288438 6.533017
288438 6.931327
288438 8.355768
288437 6.834574
288437 7.106385
288388 6.868014
288382 6.547067
288371 8.059651
288343 6.80523
288343 6.778449
288343 6.556509
288343 10.62477
288343 6.673134
288311 6.350997
288305 6.58282
288305 6.879899
288270 9.648689
288235 6.514032
288228 6.379934
288228 6.703595
288223 7.533366
288223 8.564403
288205 6.581449
288202 10.123163
288193 6.996426
288114 7.026332
288114 6.724621
288111 6.00878
288111 8.221532
288106 6.049498
288106 8.813398
288106 6.232593
288102 6.374682
288102 6.49116
288081 6.236035
288081 8.621428
288081 5.98014
288067 6.314813
288067 6.097122
288067 6.232614
288062 7.558217
288055 6.18255
288053 7.241243
288009 6.469785
288009 8.864851
288006 8.572681
288006 6.028246
288006 6.845746
287976 6.33006
287976 12.348549
287976 11.49419
287976 7.867187
287976 6.207444
287952 6.425522
287921 15.436074
287921 12.824678
287841 17.942148
287828 8.057967
287823 13.162685
287823 7.376544
287794 10.396461
287794 6.511171
287794 9.352834
287794 8.996507
287757 9.313291
287757 6.47604
287757 6.733395
287757 6.785392
287675 9.198897
287633 6.352391
287613 7.970274
287570 6.365477
287569 6.264006
287569 7.352882
287569 6.193077
287569 6.466327
287569 6.4296
287569 8.593834
287549 6.513938
287549 6.433084
287549 6.408713
287549 6.391373
287528 8.548028
287475 6.250295
287462 6.406216
287462 6.338915
287444 6.502555
287435 7.765618
287378 6.187342
287378 6.250063
287378 6.352816
287346 6.253259
287310 7.043826
287237 7.19978
287213 6.762959
287176 6.701202
287176 9.223667
287173 6.992802
287173 6.722754
287173 6.496553
287101 7.306965
287076 8.466403
287066 6.755143
287062 6.542383
287061 7.69203
287061 6.662697
287048 8.002436
287048 6.786403
287024 6.548595
287024 6.740404
286978 8.53681
286972 6.516996
286949 6.199442
286906 6.44346
286906 6.553443
286906 33.15142
286898 6.177367
286898 6.345464
286898 7.318938
286898 6.394118
286898 9.910428
286894 6.334543
286878 7.105996
286878 6.637193
286871 6.538598
286871 8.452919
286871 6.32693
