458 2.27318
440 1.156767
440 0.348639
413 0.092664
413 0.621448
395 0.929735
373 0.376081
354 0.24783
354 0.730528
352 1.20923
350 0.037136
342 0.030903
342 0.030531
342 0.036045
336 0.032273
315 0.032344
315 0.866977
315 0.050974
315 0.031831
307 0.033377
303 0.094538
303 0.035292
303 0.033035
280 0.033093
280 0.036415
261 0.034144
261 1.601387
261 0.071774
260 0.035791
260 0.035261
260 0.039693
260 0.037849
259 0.036205
259 0.036622
259 0.035878
259 0.037163
259 0.192131
250 0.039744
250 0.094546
250 0.038693
248 0.038624
239 0.041553
239 0.040267
239 0.043222
239 0.042212
239 0.040322
239 0.072687
239 0.041805
239 0.044147
239 0.043639
239 0.042706
237 0.043727
237 0.043372
237 0.046867
237 0.0457
237 0.045185
229 0.047553
206 0.078694
206 0.883011
206 0.054804
206 0.048
206 0.046814
206 0.048813
206 0.048308
197 0.049004
197 0.047969
196 0.049907
196 0.10202
196 5.415572
196 0.068615
196 0.05396
196 0.05323
196 0.109123
196 0.061653
196 0.056782
196 0.055162
188 0.086654
188 0.05629
188 0.053695
188 0.052913
188 0.055461
188 0.266673
188 0.060191
188 0.054477
183 0.054027
183 0.054164
183 0.056683
183 0.060506
162 0.056258
162 0.056823
160 0.056571
160 0.056481
160 0.066949
160 0.077396
160 0.116158
160 0.049067
160 0.069025
160 0.050588
156 0.048701
156 0.04849
156 0.049062
156 0.078287
156 0.051285
156 0.051215
156 0.050021
156 0.051578
156 4.576294
156 0.053603
156 1.293274
156 0.085502
156 0.026953
156 0.026394
156 0.045886
156 0.02658
152 0.027472
152 0.026854
152 0.028345
152 0.026218
152 0.027053
152 0.02815
152 0.028434
152 0.028027
152 0.026758
152 0.028457
149 0.032499
149 0.076596
149 0.036436
149 0.052166
147 0.043904
147 0.031687
147 0.030331
147 0.028608
147 0.029961
147 0.028747
147 0.033591
147 0.041826
147 0.032267
140 0.029748
140 0.030133
140 0.029777
127 0.035055
127 0.031881
127 0.031802
127 0.031865
127 0.033651
127 0.032402
127 0.033499
125 0.032083
125 0.032827
123 0.03303
123 0.03289
123 0.032284
123 0.032802
123 0.065312
116 0.036962
116 0.035001
114 0.037048
114 0.036534
114 0.036653
114 0.035537
114 0.033771
114 0.032348
114 0.034443
114 0.034998
114 0.036286
114 0.035634
114 0.034858
114 0.034332
114 0.033483
114 0.033761
114 0.093272
114 0.03714
114 0.040959
114 0.03818
114 0.036637
114 0.033918
114 0.035178
114 0.035198
114 0.038199
114 4.014774
114 0.060323
114 0.042451
114 0.042186
114 0.040728
114 0.065539
114 0.054919
107 0.071889
107 0.040023
107 0.04308
107 0.042359
107 0.049132
107 0.038995
100 0.055719
100 0.045753
100 0.041751
100 0.041619
100 0.086218
100 0.065194
97 0.038117
97 0.040429
97 0.040536
97 0.04048
97 0.035616
97 0.037796
97 0.416142
96 0.083969
96 0.050231
96 0.037205
96 0.037906
96 0.06735
96 0.094738
96 0.039806
96 0.041661
96 0.042168
96 0.038199
96 0.045017
95 0.056943
95 0.044455
95 0.054132
95 0.04521
95 0.045769
95 0.05086
95 0.042419
95 0.042908
95 0.042786
95 0.194528
91 0.04749
91 0.046362
87 0.081449
87 0.04391
87 0.05889
87 0.054079
87 0.051896
87 0.05287
87 0.05927
87 0.052842
87 0.328748
87 0.047883
87 0.044968
87 0.046697
87 0.041957
87 0.05521
86 0.046882
86 0.043693
86 0.045144
82 0.044042
80 0.045388
80 0.04466
80 0.045402
80 0.046864
80 0.041296
80 0.043043
80 0.065177
80 0.062983
80 0.054208
80 0.051044
80 0.053946
80 0.047149
80 0.046603
80 0.047237
80 0.047611
80 0.050313
76 0.046914
76 0.044977
76 0.046941
76 0.045822
76 0.043437
76 0.04597
76 0.047869
76 3.112655
76 0.057104
76 0.049107
76 0.050332
76 0.046681
76 0.048241
76 0.049182
75 0.050506
75 0.072686
75 0.050675
75 0.049217
75 0.045472
75 0.048638
75 0.066654
75 0.048727
75 0.046879
75 0.048749
75 0.047583
75 0.04884
75 0.05051
75 0.050721
75 0.048917
75 0.044425
75 0.045353
72 0.04742
72 0.049804
72 0.049586
72 0.045742
72 0.050728
72 0.064425
72 0.053252
72 0.053342
72 0.051214
72 0.05123
72 0.051289
72 0.052866
72 0.054734
72 0.051916
72 0.052653
72 0.051624
72 0.052442
72 0.052585
72 0.054748
72 0.053711
72 0.098465
70 0.066128
70 0.051001
70 0.048114
70 0.051909
70 0.05315
70 0.057713
70 0.056123
70 0.05517
70 0.05429
70 0.050884
70 0.053713
70 0.050391
70 0.053581
70 0.055208
70 5.802579
70 0.118744
70 0.055308
70 0.055053
70 0.052417
70 0.055373
70 0.054919
70 0.054917
70 0.054176
70 0.05336
70 0.093008
70 0.110902
70 0.073907
70 0.085115
70 0.068641
70 0.056856
70 0.059038
70 0.052912
70 0.052296
70 0.055229
70 0.053954
70 0.050495
70 0.05397
70 0.055692
70 0.122389
70 0.052928
70 0.056413
70 0.055277
70 0.05924
70 0.05553
70 0.054221
70 0.051281
68 0.055194
68 0.053607
68 0.050154
68 0.055209
68 0.058725
68 0.052128
68 0.105013
68 0.064918
68 0.064934
68 0.057131
68 0.056415
68 0.057558
68 0.059622
68 0.059612
68 0.058062
68 0.054975
68 0.053019
68 0.057125
68 0.057164
68 0.058409
68 0.099082
68 0.072829
68 0.074251
68 0.057258
68 0.101067
68 0.110841
68 0.066314
68 0.06452
68 0.063737
68 0.060095
68 0.056391
68 0.064015
68 0.190904
68 0.067824
68 0.064957
68 0.073646
68 0.615138
68 0.079638
68 0.063808
68 0.061085
68 0.059972
68 0.060045
68 0.109582
68 0.065375
68 0.062461
68 0.059986
68 0.062816
68 0.059834
68 0.060777
68 0.098866
68 0.063016
68 0.06262
68 0.06225
68 0.065022
68 0.058203
68 0.07186
68 0.065427
68 0.061551
68 0.061993
68 0.060629
68 0.059384
68 0.060514
68 0.095208
68 0.071089
68 0.06406
68 0.064551
68 0.061512
68 0.063578
68 0.062889
68 0.107657
68 0.060128
68 0.064222
68 0.065582
68 0.062582
68 5.015238
68 0.068909
68 0.110781
68 0.0657
68 0.061867
68 0.061892
68 0.063474
68 0.06155
68 0.062959
68 0.064579
68 0.06866
68 0.061643
68 0.064698
68 0.063345
68 0.064825
68 0.108827
68 0.07953
68 0.063686
68 0.067288
68 0.062648
68 0.067237
68 0.068977
68 0.067732
68 0.064912
66 0.067231
66 0.067789
66 0.06617
66 0.067089
66 0.098124
65 0.069136
65 0.067505
65 0.068463
65 0.068364
65 0.065029
65 0.068527
65 0.06671
65 0.095884
65 0.066644
65 0.066651
65 0.063927
65 0.09551
65 0.085612
65 0.066073
65 0.068897
65 0.070095
65 0.068966
65 0.094253
65 0.072752
65 0.068571
65 0.068844
65 0.071063
65 0.069608
65 0.10468
65 0.071329
65 0.067917
65 0.071104
65 0.069734
65 0.071547
65 0.066248
65 0.06858
65 0.070913
65 0.066519
65 0.069827
65 0.070051
65 0.081786
65 0.08401
65 0.072274
65 0.072166
65 0.071325
65 0.070254
65 0.072699
65 0.073064
64 0.073006
64 0.069684
64 0.070191
64 0.070224
64 0.071197
64 0.109708
64 0.077174
64 0.111318
64 0.080123
64 0.073912
64 0.073121
64 0.072644
64 0.073041
64 0.071474
64 0.071995
64 0.072052
64 0.077127
64 0.07568
63 0.075195
63 0.108814
63 0.07557
62 0.077523
62 0.071737
62 0.075018
62 0.076712
62 0.074631
62 0.072965
62 0.074418
62 0.073416
62 0.069926
62 0.077005
62 0.116256
62 0.077738
62 0.076742
61 0.076201
61 0.075323
61 0.077171
61 0.075235
61 0.07662
61 0.07726
61 0.073909
61 0.07157
61 0.089621
61 0.082004
61 0.079136
61 0.07634
61 0.074559
61 0.075779
61 0.103885
61 0.080162
61 0.079137
61 0.076056
61 0.07952
61 0.085494
61 0.12603
61 0.081666
61 0.080916
61 0.132403
61 0.081268
61 0.079976
61 0.076649
61 0.080342
61 0.075095
61 0.075362
61 0.075834
61 0.077319
61 0.076192
61 0.076416
61 0.113614
61 0.088563
61 0.076955
61 0.078172
61 0.109207
61 0.077273
61 0.07708
61 0.076376
61 0.076609
61 0.079838
60 0.080577
60 0.119591
60 0.084696
60 0.078959
60 0.07794
60 0.07854
60 0.079623
60 0.080468
60 0.080082
60 0.080749
60 0.081646
60 0.08051
60 0.113592
60 0.085225
60 0.079981
60 0.077687
60 0.080376
60 0.081439
60 0.108179
60 0.0858
60 0.082393
60 0.080796
60 0.081771
60 0.125558
60 0.083954
60 0.084081
60 0.084031
60 0.082781
60 0.085501
60 0.082788
60 0.081898
59 0.084079
59 0.082702
59 0.081224
59 0.125965
59 0.08849
58 0.086334
58 0.081118
58 0.084046
58 0.084352
58 0.081851
58 0.084005
58 0.081156
58 0.084726
58 0.11743
58 0.087354
58 0.084558
58 0.084531
58 0.086279
58 0.081526
58 0.081194
58 0.084189
58 0.083883
58 0.083943
58 0.08422
58 0.117153
57 0.089072
57 0.084209
57 0.084517
57 0.086126
57 0.087071
57 0.110328
57 0.090551
57 0.082385
57 0.083695
57 8.464034
57 0.116108
57 0.094507
57 0.087195
57 0.130888
57 0.090387
57 0.095501
57 0.083963
57 0.082027
57 0.088753
57 0.086553
57 0.083726
57 0.088082
57 0.089009
57 0.120111
57 0.091658
57 0.084804
57 0.091204
57 0.090022
57 0.090892
57 0.088132
57 0.087766
57 0.088205
57 0.087858
55 0.096249
55 0.089679
55 0.089922
55 0.08962
55 0.086886
54 0.136953
54 0.092547
54 0.124731
54 0.090932
54 0.092194
54 0.092246
54 0.088858
54 0.122433
54 0.088965
54 0.091336
54 0.090917
54 0.123002
54 0.096495
54 0.092506
54 0.0904
54 0.087641
54 0.088709
54 0.086697
54 0.091348
54 0.092569
54 0.092377
54 0.129392
54 0.096279
54 0.094118
54 0.090659
54 0.092342
54 0.090497
54 0.094784
54 0.094168
54 0.092399
54 0.091118
54 0.152816
54 0.109291
54 0.094595
54 0.094407
54 0.090522
53 0.09488
53 0.09287
53 0.089704
53 0.094121
53 0.12916
53 0.101822
53 0.095928
53 0.091035
53 0.089198
53 6.207998
53 0.131492
53 0.107261
53 0.107219
53 0.106484
53 0.096708
53 0.097641
53 0.097662
53 0.102802
53 0.102404
53 0.101293
53 0.132994
53 0.104231
53 0.105156
53 0.213869
53 0.14679
53 0.151709
53 0.148898
53 0.752283
53 0.146915
53 0.109483
53 0.140135
53 0.190924
53 0.178651
51 6.184361
51 0.217569
51 0.119915
51 0.112611
51 0.099732
51 0.096586
51 0.152171
51 0.107988
51 0.103441
51 0.108569
51 0.105597
51 0.094548
51 0.092917
51 0.091859
51 0.092999
51 0.166196
51 0.113435
51 0.100012
51 0.096713
51 0.100396
51 0.097447
51 0.124
51 0.101199
51 0.107731
51 0.192986
51 0.104651
51 0.136622
51 0.114636
51 0.099233
51 0.096083
51 0.101606
51 0.140676
51 0.102442
51 0.10919
51 0.109579
51 0.135216
51 0.102868
51 0.099687
51 0.104628
51 0.133851
51 0.106471
51 0.117225
51 0.112975
51 0.125193
51 0.105549
51 0.105903
51 0.102201
51 6.557106
51 0.147395
51 0.090407
51 0.087778
51 0.089
51 0.093015
51 0.12494
51 0.090043
51 0.085361
51 0.090857
51 0.092666
51 0.122279
51 0.094661
51 0.090141
51 0.087609
51 0.088615
51 0.121624
51 0.091502
51 0.092963
51 0.09171
51 0.091345
51 0.119198
51 0.089978
51 0.089406
51 0.089438
51 0.088098
51 9.34537
51 0.095955
51 0.126933
51 0.091079
51 0.089002
51 0.088529
51 0.092761
51 0.12919
51 0.098333
51 0.088809
51 0.0879
51 0.091291
51 0.126546
51 0.089793
51 0.09589
51 0.092835
51 0.092097
51 0.123224
51 0.091432
51 0.089819
51 0.130346
51 0.118129
51 0.096374
51 0.094243
51 0.091035
51 0.091348
50 11.364662
50 0.338298
50 0.196911
49 0.230317
49 0.109321
49 0.10756
49 0.091391
49 0.129653
49 0.164072
49 0.09341
49 0.099183
49 0.125057
49 0.090046
49 0.09321
49 0.094174
49 0.114617
49 0.092769
49 0.090167
49 0.089601
49 0.092377
49 0.124129
48 0.094131
48 0.095279
48 0.090992
48 0.093163
48 0.125155
48 0.092361
47 0.092411
47 0.1275
47 0.093672
47 0.125727
47 0.09423
47 0.092926
47 0.09126
47 0.093491
47 0.125881
47 0.091566
47 0.092373
47 0.090707
47 0.089416
47 0.154163
47 0.088811
47 0.095956
47 0.094578
47 0.130019
47 0.096698
47 0.091652
47 0.093566
47 0.168903
47 0.093747
47 0.095898
47 0.094551
47 0.096822
47 0.12734
47 0.098534
47 0.096232
47 0.096545
47 0.097369
47 0.137304
47 0.096218
47 0.096291
46 0.128635
46 5.675826
46 0.111906
46 0.098394
46 0.095055
46 0.128441
46 0.093579
46 0.105659
46 0.097702
46 0.118792
46 0.094829
46 0.098461
46 0.097284
46 0.150336
46 0.120579
46 0.096799
46 0.094904
46 0.097503
46 0.140435
46 0.125492
46 0.102101
46 0.098395
46 0.131311
46 0.099688
46 0.10125
46 0.098839
46 0.184168
46 0.098859
46 0.09593
46 0.097934
46 0.096874
46 0.147778
46 0.097606
46 0.101863
46 0.094981
46 4.17702
46 0.111916
46 0.109086
44 0.107618
42 0.149138
39 0.100058
39 0.097655
39 0.101149
39 0.133276
39 0.100458
39 0.149481
39 0.099311
39 0.130916
39 0.097551
37 0.100623
37 0.098644
37 0.097513
37 0.129717
37 0.098528
37 0.098037
37 0.100717
37 0.127836
37 0.102607
37 0.097924
37 0.102374
37 0.101106
37 0.131874
37 0.101297
37 0.100099
37 0.135398
37 0.139198
37 0.146766
37 0.105629
37 0.100705
37 4.173462
37 0.108811
37 0.108987
37 0.099937
37 0.133374
37 0.107365
37 0.101934
37 0.100836
37 0.131958
37 0.101791
37 0.09929
37 0.097352
37 0.098964
37 0.13617
37 0.192004
37 0.104663
37 0.144936
37 0.105101
37 0.100977
37 0.102015
37 0.172238
37 0.102221
37 0.099007
37 0.102712
37 0.100584
