37004 22.788382
37000 2.144307
36988 2.050436
36988 6.343953
36981 1.377787
36957 6.919939
36925 1.40313
36852 3.76155
36852 0.984587
36852 0.912069
36823 4.469663
36789 1.007147
36789 0.874528
36766 0.849178
36762 0.694041
36753 0.781366
36737 0.737285
36704 0.755527
36657 1.376394
36655 0.799175
36655 0.761985
36655 5.732678
36655 2.696426
36629 0.739465
36595 0.690005
36565 0.765759
36559 0.704491
36558 0.676191
36554 5.841984
36554 0.786062
36554 0.735328
36527 0.669985
36470 0.703009
36456 0.625443
36438 0.692432
36432 0.646083
36432 0.629787
36390 0.689813
36383 8.549598
36365 0.664467
36316 0.633949
36283 0.719554
36267 0.689954
36241 0.631415
36241 0.647521
36241 0.692059
36241 0.66215
36186 4.645923
36185 1.802162
36185 0.753837
36185 0.686117
36183 0.664648
36183 0.646253
36145 0.705897
36088 0.637535
36088 0.740293
36088 0.682628
36069 8.577279
36069 0.635995
36069 0.675513
36069 0.652003
36069 0.681438
36069 4.791688
36069 0.741829
36069 0.651658
36051 0.662186
36051 0.771339
36051 4.774701
36040 0.673564
36040 0.670764
36016 0.680649
36016 0.659442
36002 0.659508
35997 4.687218
35970 1.415134
35970 0.693013
35948 0.636214
35948 0.710382
35948 4.9752
35948 0.69495
35861 0.686253
35861 1.010767
35844 3.319697
35842 0.724053
35842 4.760183
35800 0.700587
35780 0.624654
35780 0.725574
35780 0.670839
35752 0.766795
35731 4.643868
35731 0.639131
35731 0.64938
35721 0.727332
35721 0.595028
35721 0.649185
35721 0.613932
35717 0.586954
35717 0.682741
35648 0.593597
35614 1.237751
35597 0.649097
35594 0.635816
35594 0.648619
35594 0.59466
35526 0.607225
35522 0.633771
35468 0.627328
35468 4.677291
35468 0.610839
35433 0.622507
35427 0.762926
35358 0.603038
35327 0.644485
35315 0.642693
35310 0.791324
35308 0.634215
35280 0.639352
35273 0.599398
35273 0.766192
35273 0.756059
35273 0.628662
35273 4.602999
35268 0.651109
35268 0.65133
35268 0.838463
35268 7.694796
35254 0.925467
35239 0.79736
35181 0.682874
35154 0.735027
35149 0.629607
35149 0.796753
35136 0.64158
35136 5.261678
35129 0.603815
35129 0.752108
35126 0.689434
35126 0.617003
35118 0.658284
35118 0.685657
35118 0.737492
35118 0.758907
35118 0.634894
35118 5.571518
35118 0.667601
35118 0.792046
35118 0.619626
35108 0.654657
35108 7.45693
35103 0.902918
35093 0.699007
35093 1.316607
35092 0.747935
35092 0.861715
35092 0.72276
35086 0.678778
35074 0.774699
35034 1.02629
35031 1.024006
35005 8.520817
34987 0.551011
34986 0.514542
34982 0.477211
34951 0.503446
34908 0.470224
34888 0.505504
34847 4.542165
34809 0.530197
34787 0.47418
34782 0.513633
34779 0.470646
34779 0.513377
34779 0.479458
34779 0.479425
34779 4.528589
34779 0.500806
34771 0.5227
34771 1.089439
34733 0.473998
34698 0.508725
34698 0.547939
34690 0.471514
34690 0.51744
34673 0.483215
34668 0.505791
34668 0.473376
34668 0.518169
34655 0.500753
34641 2.606719
34641 0.486793
34641 0.516195
34640 0.564709
34638 0.493667
34638 0.515491
34638 0.482677
34628 0.528496
34628 0.476772
34608 0.67223
34604 0.568803
34604 0.48173
34588 0.51834
34559 0.479412
34543 0.488837
34543 1.023407
34506 0.52567
34506 0.523491
34469 0.512105
34469 0.499453
34453 0.488658
34453 0.521167
34453 0.479531
34453 0.603637
34453 0.578494
34448 0.520091
34426 0.482222
34414 0.514598
34387 0.477266
34350 0.536475
34335 0.531995
34328 0.534047
34328 0.518601
34328 0.524899
34328 0.521381
34323 0.520171
34303 0.529663
34303 0.565935
34303 0.556089
34269 0.520933
34269 0.519276
34269 1.020528
34269 0.557359
34253 0.546273
34227 0.533317
34227 0.521631
34197 0.516011
34197 0.520875
34115 0.522316
34115 0.518541
34115 0.522046
34115 0.526664
34064 0.532119
34058 0.524889
34050 0.551691
34010 0.52409
33983 0.561131
33983 0.577637
33950 0.519962
33914 0.578266
33884 0.485247
33884 0.525752
33884 0.488199
33878 0.526031
33878 0.48624
33878 0.543385
33861 1.359132
33852 0.813133
33829 0.555771
33818 0.486078
33810 0.525338
33786 0.485282
33726 0.540335
33726 0.515985
33726 0.552063
33714 0.487226
33701 0.530924
33701 0.517585
33685 0.608828
33679 0.556268
33679 0.530068
33679 0.533113
33679 0.487647
33679 0.551018
33670 0.488695
33670 0.523207
33670 0.525666
33617 0.491263
33588 0.546031
33588 0.515212
33585 0.527521
33585 0.530868
33578 1.150757
33578 0.553537
33568 0.561786
33568 0.530815
33568 0.536359
33552 0.49657
33545 0.529391
33545 0.491435
33545 0.529003
33539 0.518962
33510 0.524844
33508 0.551982
33508 0.497517
33486 0.53802
33486 0.497509
33479 0.53425
33479 0.497896
33444 0.531875
33444 0.528274
33444 0.536222
33444 0.496875
33444 0.532985
33425 0.496316
33425 0.536626
33425 0.577541
33420 0.600227
33410 1.047254
33410 0.532912
33410 0.550742
33390 0.531862
33390 0.536611
33344 0.5307
33344 0.555258
33324 0.495036
33324 0.644742
33283 0.499562
33273 0.541567
33207 0.506915
33207 0.58743
33207 0.551325
33207 0.501732
33202 0.543157
33202 0.505281
33147 0.54101
33147 0.499124
33093 0.555203
33083 0.548944
33083 0.503299
33057 0.535688
33050 0.499787
33026 0.536014
33010 1.251844
33010 0.594538
33010 0.502913
33010 0.553459
33010 0.504313
33010 0.541169
32938 0.541011
32938 0.564844
32928 0.55694
32887 0.505296
32887 0.549227
32887 0.508754
32868 0.615544
32808 0.528582
32796 0.550943
32791 0.590001
32791 0.528466
32791 0.564626
32791 0.510683
32791 0.541955
32740 0.50554
32732 0.545411
32727 0.533435
32705 0.541532
32705 0.572959
32705 0.509577
32705 1.101707
32666 0.548087
32666 0.539274
32666 0.563481
32643 0.566103
32637 0.508908
32619 0.546017
32579 0.510152
32579 0.543519
32579 0.541257
32554 0.587853
32535 0.572751
32532 0.574037
32522 0.570994
32487 0.578545
32487 0.512758
32487 0.579021
32487 0.511382
32487 0.565748
32487 0.546648
32487 0.509431
32463 0.545654
32463 0.511079
32447 0.54798
32429 0.545814
32429 1.262669
32429 0.553187
32426 0.571127
32412 0.563961
32399 0.595081
32363 0.58656
32360 0.554825
32357 0.578734
32357 0.547571
32330 0.574483
32319 0.591128
32319 0.585768
32319 2.869667
32319 0.558446
32308 0.574943
32308 0.612798
32308 0.55742
32308 0.554079
32308 0.551056
32308 0.557438
32308 0.557288
32308 0.559085
32308 0.608805
32308 0.568685
32250 0.554633
32239 0.558845
32220 1.181736
32220 0.605001
32200 0.593211
32188 0.63699
32188 0.611939
32179 0.593256
32129 0.57259
32129 0.574655
32116 0.571433
32099 0.557186
32099 0.55533
32099 0.587406
32099 0.580154
32081 0.55442
32068 0.56538
32058 0.57053
32058 0.56159
32058 0.556006
32058 0.559959
32058 0.587116
32011 0.566079
32011 0.564233
32011 0.566905
32011 0.5698
31929 0.561852
31929 1.407556
31929 0.584773
31929 0.613907
31921 0.559509
31905 0.596717
31905 0.558353
31905 0.560679
31899 0.56107
31870 0.590071
31870 0.610146
31831 0.567643
31784 0.563781
31784 0.556957
31738 0.55993
31690 0.557352
31671 0.638827
31614 0.595828
31614 0.577465
31614 0.563641
31614 0.564283
31596 0.585228
31595 0.587184
31595 0.585608
31595 0.56553
31579 0.563564
31564 0.56732
31563 1.200701
31490 1.218704
31490 0.606094
31490 6.780972
31473 0.609956
31473 0.56778
31473 0.638478
31461 0.585364
31430 0.565057
31411 0.560891
31411 0.561781
31411 4.650105
31409 0.57208
31395 0.565407
31385 0.565167
31385 0.600202
31385 0.568657
31385 4.724
31378 0.585338
31378 0.571848
31378 0.567746
31372 0.611612
31372 0.564532
31372 0.571491
31372 4.684021
31343 1.268106
31343 0.569939
31343 0.56844
31343 0.59349
31331 4.663621
31323 0.585555
31323 0.571059
31323 0.567755
31314 0.570775
31314 0.598691
31275 0.574605
31275 7.632399
31238 0.594931
31238 1.286289
31238 1.249819
31238 1.198185
31236 1.105768
31236 0.580161
31236 0.598403
31183 0.569308
31183 0.570345
31183 0.57426
31178 0.598269
31178 0.61045
31147 0.575406
31147 0.577287
31147 1.129427
31142 0.576386
31121 0.622265
31121 0.569822
31121 0.569612
31088 0.56917
31087 0.574524
31087 0.5696
31081 0.615062
31080 0.574034
31071 0.786114
31029 1.212897
30982 0.6478
30982 0.670432
30982 0.612355
30978 0.579337
30978 0.555725
30971 0.636142
30971 0.579723
30971 0.557334
30971 0.596224
30971 0.555899
30971 0.699425
30971 0.582052
30937 0.582474
30932 1.149125
30922 0.615122
30922 0.579084
30915 0.556936
30908 0.580574
30877 0.58426
30877 0.599241
30877 0.610272
30877 0.578562
30877 0.582297
30877 1.173671
30863 1.213084
30855 0.716519
30844 0.593391
30841 0.564542
30841 0.563123
30841 0.591252
30833 0.559894
30816 0.647644
30815 0.596215
30773 0.658173
30773 0.721748
30773 0.612667
30773 0.602445
30773 0.599578
30747 1.223373
30732 0.575487
30732 0.586072
30729 0.571889
30725 0.55923
30722 0.593378
30680 0.560655
30680 0.563018
30662 0.674387
30652 1.089843
30652 1.148241
30645 0.583221
30603 0.580626
30593 0.619511
30593 0.595761
30593 0.561459
30577 0.585137
30577 0.568465
30577 0.560834
30577 0.604097
30577 0.564625
30577 0.564317
30577 0.56287
30577 0.58595
30577 0.600267
30577 0.625411
30577 1.205156
30577 0.59287
30577 0.607605
30573 0.590873
30558 0.566123
30558 0.569881
30540 0.563515
30532 0.803047
30529 0.569308
30522 0.597033
30510 0.597959
30510 0.575357
30510 0.566816
30510 0.589835
30510 0.567995
30510 0.600835
30497 0.587157
30431 0.668906
30429 0.579818
30429 0.614312
30407 0.587152
30407 0.602846
30396 0.589087
30396 0.568949
30396 0.571959
30396 1.162107
30396 0.591617
30396 0.569812
30396 0.624953
30396 0.596157
30385 0.572005
30341 0.583284
30341 0.598885
30341 0.572663
30341 0.829499
30315 0.590019
30315 0.57163
30315 0.575456
30293 0.627921
30293 0.610051
30277 0.586768
30268 0.611787
30268 0.572553
30268 0.571626
30249 0.655744
30249 0.604601
30249 0.574948
30249 0.598547
30249 0.597968
30249 0.653292
30242 1.240905
30234 0.588593
30234 0.630678
30234 0.644929
30228 0.57618
30224 0.623548
30224 0.583467
30213 0.606107
30208 0.709944
30199 0.650145
30199 0.574774
30199 0.588812
30199 0.621624
30133 0.586399
30127 0.74541
30127 0.610949
30127 0.581165
30127 0.617786
30127 0.5916
30127 0.581279
30127 0.605624
30114 0.581592
30092 0.575403
30084 0.579839
30076 0.605127
30060 1.273291
30060 0.644784
30044 0.576234
30044 0.579177
30044 0.605616
30018 0.573901
29970 0.578589
29970 0.595001
29959 0.696813
29942 0.59774
29913 0.578399
29913 0.584927
29913 0.580072
29913 0.592613
29896 0.608848
29870 0.626464
29850 0.582486
29841 0.587671
29815 0.607225
29810 0.67729
29752 0.709938
29734 0.963646
29709 0.598925
29709 0.622393
29709 0.6008
29697 0.605188
29697 1.136741
29666 0.587142
29666 0.625918
29666 0.617354
29662 0.584057
29662 0.58422
29660 0.634215
29636 0.586502
29634 0.700317
29620 0.743812
29612 0.592962
29579 0.593709
29579 0.681087
29569 0.617572
29556 0.585947
29530 0.629629
29523 0.595677
29473 0.588215
29473 0.644805
29473 0.612405
29473 0.58786
29473 0.601506
29464 0.616188
29463 0.612831
29463 0.592277
29463 1.194233
29463 0.58832
29463 0.61483
29463 0.611729
29448 0.678323
29448 0.614225
29448 0.589774
29400 0.623617
29400 0.665467
29391 0.63829
29391 0.590447
29391 0.589629
29359 0.713364
29359 0.633543
29359 0.591322
29349 0.689433
29349 0.652763
29349 0.5961
29349 0.633308
29349 0.59168
29345 0.630337
29345 0.617485
29345 0.591544
29334 0.621538
29333 0.644987
29333 1.242423
29333 0.595317
29333 0.647828
29327 0.590226
29327 0.590143
29306 0.650688
29306 0.595487
29306 0.590646
29281 0.588151
29281 0.81477
29281 0.657473
29281 0.639264
29281 0.601778
29281 0.593757
29281 0.59589
29278 0.631136
29278 0.606044
29278 0.616012
29278 0.625912
29278 0.600163
29276 0.64469
29276 0.59904
29276 0.597956
29272 0.60169
29272 0.632458
29272 1.29132
29272 0.630594
29272 0.597475
29272 0.595916
29268 0.66617
29268 0.65211
29262 0.599734
29262 0.598488
29262 0.629962
29262 0.730866
29262 0.624806
29262 0.599128
29262 0.602229
29262 0.631604
29262 0.668536
29262 0.660631
29213 0.640237
29213 0.626768
29213 0.607285
29212 0.627891
29212 0.63867
29204 0.602524
29204 0.627531
29204 0.634806
29183 0.648727
29176 1.315761
29176 0.664134
29176 0.625729
29170 0.627145
29170 0.711464
29170 0.617294
29144 0.605273
29144 0.600537
29144 0.640064
29144 0.739844
29115 0.637336
29115 0.612236
29115 0.61699
29113 0.651622
29113 0.60381
29100 0.63659
29100 0.628754
29100 0.635094
29063 0.613235
29063 0.628121
29063 0.604266
29060 0.631067
28975 0.690951
28929 0.608206
28929 0.617967
28929 1.355907
28929 0.61239
28922 0.638696
28920 0.665767
28898 0.615896
28898 0.610345
28894 0.720086
28894 0.606605
28885 0.644859
28867 0.752815
28857 0.630778
28853 0.619458
28853 0.659608
28840 0.610268
28840 0.634066
28840 0.644385
28790 0.62609
28790 0.614404
28790 0.642712
28790 0.610046
28720 0.697239
28720 0.615633
28719 0.610385
28719 0.625927
28719 0.6457
28718 1.376576
28623 0.61319
28595 0.634576
28595 0.651335
28595 0.768572
28570 0.662764
28570 0.649986
28551 0.636336
28551 0.65632
28551 0.646749
28551 0.630104
28551 0.61023
28551 0.625641
28551 0.685597
28551 0.614063
28546 0.610176
28546 0.612368
28539 0.622655
28539 0.63645
28539 0.639867
28490 0.638043
28450 0.620571
28444 0.609177
28436 0.669323
28429 0.647126
28416 0.639468
28393 1.140652
28388 0.621467
28381 0.645992
28368 0.613065
28368 0.629679
28340 0.642021
28340 0.627101
28340 0.659287
28340 0.827789
28340 0.685788
28302 0.618531
28302 0.694878
28302 0.62702
28302 0.630583
28302 0.657867
28279 0.621693
28276 0.671217
28249 0.640731
28249 0.618459
28249 0.6476
28249 0.723651
28249 0.672888
28223 4.737901
28198 0.697599
28198 0.695522
28186 3.530459
28178 0.648838
28178 0.615197
28169 0.627571
28169 0.638095
28169 4.69655
28169 0.64662
28138 0.645328
28107 0.661443
28107 0.656868
28087 0.636017
28087 4.701767
28087 0.91714
28087 0.70403
28080 0.647676
28068 0.648627
28068 4.731232
28068 0.680661
28068 0.648024
28068 0.673116
28068 0.650412
28068 0.663793
28060 4.75061
28060 0.667198
28045 8.051023
28045 0.664938
28036 0.625021
28036 0.627673
27992 0.68343
27992 0.660456
27991 0.651615
27991 0.667609
27991 0.629546
27990 0.647674
27982 0.677537
27961 4.706676
27959 0.639601
27959 0.639348
27959 0.65675
27959 0.652076
27959 0.662511
27935 4.774121
27914 0.666873
27908 0.630053
27908 0.636209
27908 0.632439
27908 0.645183
27908 4.700836
27908 0.671209
27908 1.41771
27908 0.668675
27906 0.654632
27906 0.669404
27838 0.66075
27762 0.691118
27762 0.694614
27726 0.655951
27706 0.669976
27706 8.731836
27706 0.664089
27706 0.632178
27706 0.670964
27698 0.660102
27687 4.707013
27687 0.688272
27687 0.64807
27680 0.64326
27671 0.6573
27651 0.631335
27651 2.702532
27651 0.694923
27638 0.658864
27638 0.674405
27638 0.638593
27638 8.239476
27638 0.655708
27577 0.675873
27565 0.667376
27481 0.662858
27458 0.6545
27458 0.646792
27458 0.634964
27443 0.639443
27443 0.657127
27443 0.661713
27443 3.797111
27411 0.7346
27402 0.650342
27402 0.679679
27402 0.668113
27383 0.637498
27358 0.663687
27358 0.73177
27355 0.666526
27355 0.675325
27330 0.669046
27330 0.668503
27300 0.697049
27295 0.696781
27295 1.445528
27295 0.647446
27295 0.704607
27280 0.652128
27280 0.654387
27280 0.69618
27280 0.650733
27280 0.641328
27238 0.723599
27238 0.72098
27219 0.731551
27219 0.666883
27219 0.655359
