1193154 1555.175731
1193142 114.992563
1193121 314.165382
1193077 58.355351
1193075 78.002638
1193070 82.911556
1193062 84.326195
1193039 49.906438
1193039 38.908607
1193036 39.729319
1193036 43.019237
1193006 50.008314
1193006 58.331885
1193000 94.399181
1192998 41.179801
1192970 43.89996
1192969 39.894469
1192969 40.680591
1192969 39.061344
1192959 38.863246
1192959 40.605317
1192921 40.127242
1192921 38.923765
1192921 39.712363
1192921 66.281157
1192842 39.710365
1192808 39.372508
1192808 40.052772
1192802 40.204272
1192802 40.360438
1192797 39.215736
1192797 39.098207
1192786 40.057086
1192784 39.149272
1192765 41.180078
1192765 40.861178
1192747 51.628015
1192725 40.188111
1192725 39.800722
1192718 45.096448
1192687 40.776372
1192658 39.068937
1192637 39.818522
1192582 39.352372
1192582 41.791429
1192543 39.245158
1192537 39.789029
1192497 46.243173
1192490 39.825433
1192490 41.919434
1192473 39.697505
1192473 39.532796
1192473 42.518905
1192453 41.103525
1192442 41.45679
1192442 40.726691
1192442 39.520634
1192442 40.415909
1192442 53.670247
1192442 40.651722
1192382 41.240926
1192382 41.911584
1192382 40.273832
1192364 47.251789
1192364 41.571311
1192358 39.919711
1192314 39.385454
1192314 40.751086
1192262 39.507654
1192262 40.727961
1192237 43.47066
1192237 39.880455
1192228 39.098391
1192228 40.502328
1192215 39.804507
1192215 39.759644
1192188 38.957448
1192188 39.806488
1192188 40.109279
1192188 40.720341
1192181 38.811922
1192181 50.717606
1192167 39.369208
1192162 39.77258
1192162 40.440089
1192147 39.923614
1192116 39.501346
1192116 44.497814
1192116 39.086961
1192107 39.382092
1192107 41.939151
1192102 39.637072
1192080 40.997565
1192080 40.267989
1192021 41.919904
1192021 39.044465
1192021 39.364297
1192003 39.021617
1191987 38.657937
1191986 48.468648
1191986 38.751619
1191980 46.201301
1191930 49.807533
1191907 48.528146
1191880 62.951088
1191871 50.133104
1191842 41.92332
1191839 64.816068
1191839 56.180667
1191839 49.828964
1191814 40.020132
1191810 40.715615
1191806 40.783746
1191798 40.028544
1191791 42.782545
1191791 52.252013
1191791 41.25763
1191791 41.613333
1191785 38.727978
1191785 51.337169
1191785 42.320739
1191773 39.68271
1191773 40.466002
1191755 41.319263
1191736 40.605939
1191736 40.342126
1191700 41.575167
1191700 45.970703
1191700 41.405532
1191700 39.565
1191642 40.390902
1191624 43.794174
1191624 40.814009
1191624 44.17052
1191624 40.590824
1191624 41.014815
1191624 39.84259
1191623 40.106948
1191623 49.930315
1191563 40.103905
1191563 41.863002
1191563 41.659067
1191563 39.413562
1191545 43.162936
1191545 41.045929
1191532 38.904819
1191503 39.745724
1191477 39.75888
1191463 39.03105
1191395 40.723782
1191395 43.400609
1191375 40.006117
1191375 39.724024
1191369 39.572503
1191369 41.195546
1191369 41.043597
1191369 39.523426
1191362 44.552379
1191342 40.679353
1191340 40.051198
1191306 40.023525
1191299 49.04428
1191299 40.311387
1191297 39.890811
1191297 39.076182
1191211 39.645194
1191135 40.078476
1191115 40.258418
1191055 39.074733
1191046 40.871833
1190973 39.61062
1190973 41.094169
1190964 40.485275
1190964 40.363423
1190956 39.372058
1190956 42.368605
1190944 40.511725
1190934 40.502178
1190934 39.568274
1190892 41.165517
1190874 41.591395
1190874 44.628716
1190868 40.97507
1190868 39.086404
1190822 46.566501
1190801 41.301091
1190801 39.684726
1190801 39.474066
1190801 39.697005
1190787 39.424544
1190787 40.849923
1190787 40.223968
1190733 40.56803
1190703 40.102533
1190703 39.114387
1190703 53.856757
1190684 39.434712
1190684 39.334484
1190684 40.050092
1190627 40.071474
1190624 39.646844
1190624 39.182768
1190602 39.531012
1190590 39.834941
1190590 40.766523
1190573 40.755225
1190573 45.914622
1190563 43.617054
1190563 40.559078
1190551 40.098882
1190528 40.394228
1190528 39.277709
1190528 38.839438
1190528 38.924425
1190508 39.620496
1190485 40.726092
1190466 40.055449
1190466 38.968049
1190436 49.858194
1190436 41.939271
1190434 40.831683
1190396 42.35136
1190396 40.150216
1190396 39.823762
1190366 40.771234
1190322 40.283767
1190322 39.683521
1190312 40.724557
1190304 40.581093
1190304 41.941908
1190304 45.063456
1190304 40.34828
1190304 38.955252
1190290 40.001492
1190290 40.280987
1190290 39.73529
1190228 41.268544
1190226 39.980131
1190226 41.065995
1190226 39.092916
1190226 39.643551
1190223 47.809083
1190222 40.213173
1190222 40.035117
1190217 40.215033
1190167 39.601697
1190163 40.254967
1190124 39.488954
1190083 39.294103
1190053 42.021171
1190048 39.535652
1189977 41.096158
1189961 51.817292
1189961 41.686836
1189961 46.031711
1189900 40.797856
1189826 39.515816
1189802 39.545056
1189787 39.390963
1189735 39.940258
1189735 39.075995
1189720 39.938008
1189720 38.832096
1189718 39.751289
1189713 44.61085
1189705 39.712535
1189657 39.608209
1189648 38.862802
1189616 40.709397
1189616 41.003405
1189616 40.733564
1189589 39.727259
1189589 40.574403
1189583 40.43884
1189583 40.318257
1189583 50.423446
1189532 39.548138
1189508 43.605437
1189508 40.343026
1189507 44.998635
1189507 40.857314
1189487 38.730083
1189474 38.964438
1189474 39.577498
1189473 40.411643
1189473 40.417701
1189448 41.574517
1189427 42.422085
1189401 40.547816
1189396 40.820557
1189380 40.931814
1189368 39.728134
1189368 40.109256
1189368 40.266957
1189331 40.909361
1189331 40.91535
1189323 39.682614
1189323 40.190638
1189300 49.57439
1189300 41.773105
1189300 41.48486
1189292 40.98736
1189292 46.307838
1189280 45.937159
1189280 39.076801
1189277 41.016019
1189277 39.335708
1189244 39.146263
1189244 39.458959
1189244 40.989411
1189202 39.957138
1189184 39.479678
1189184 40.198299
1189163 40.176562
1189105 39.654963
1189105 40.101901
1189016 38.933552
1188985 41.156798
1188925 39.76841
1188925 39.383562
1188925 40.47305
1188920 46.213504
1188899 40.544423
1188888 40.740975
1188876 42.079718
1188876 42.378454
1188868 43.687968
1188868 44.639714
1188868 39.508096
1188868 39.501652
1188849 39.067253
1188849 39.220897
1188827 49.347748
1188772 39.440241
1188756 40.325001
1188731 40.837097
1188731 39.821479
1188731 40.072879
1188726 39.712594
1188726 40.20639
1188699 38.547316
1188699 40.194488
1188699 39.198975
1188699 39.99946
1188699 43.759369
1188659 40.600305
1188603 39.556855
1188591 39.729961
1188591 40.13952
1188591 40.385213
1188591 41.487486
1188552 39.476623
1188546 44.559522
1188546 39.987472
1188546 40.508848
1188533 49.724794
1188502 40.471897
1188462 40.284432
1188444 40.220309
1188423 40.144064
1188423 41.96947
1188423 39.457856
1188400 39.963326
1188400 39.279058
1188376 40.854512
1188335 41.585493
1188335 41.477146
1188335 47.538048
1188305 40.358655
1188305 40.375341
1188305 40.78201
1188305 40.814204
1188239 39.348003
1188239 40.384983
1188239 41.999974
1188239 44.877925
1188239 45.284434
1188230 41.598892
1188230 48.550687
1188230 40.038744
1188230 40.69924
1188230 40.110518
1188204 39.66825
1188204 44.20557
1188204 40.28876
1188179 40.399917
1188149 41.567373
1188129 39.452604
1188079 40.251038
1188079 55.536578
1188046 47.222663
1188021 49.769963
1187983 42.099105
1187963 39.497653
1187963 39.99907
1187963 41.349388
1187949 40.004762
1187911 41.603688
1187911 43.031722
1187911 45.934154
1187895 43.474401
1187894 57.924152
1187887 58.886372
1187887 45.40611
1187887 43.909878
1187871 46.944363
1187836 40.486115
1187827 38.752935
1187827 41.661684
1187824 39.823665
1187817 40.833219
1187788 40.832932
1187776 50.384482
1187776 40.612914
1187736 40.224773
1187730 50.293145
1187730 47.400643
1187730 41.830598
1187715 39.97216
1187712 39.842978
1187712 40.384792
1187712 41.509249
1187712 45.406905
1187712 40.774268
1187700 40.835947
1187700 43.669732
1187684 40.139074
1187664 40.192489
1187664 39.312341
1187664 40.076533
1187658 40.324699
1187652 39.866968
1187652 40.980398
1187618 38.908816
1187618 39.484014
1187618 48.195585
1187618 39.745891
1187594 41.407149
1187582 40.094867
1187542 39.361343
1187532 40.153493
1187523 41.004672
1187523 40.341832
1187523 40.981974
1187439 40.225557
1187439 40.972345
1187439 58.542335
1187419 40.553304
1187419 40.14611
1187349 39.901092
1187349 39.816863
1187335 40.617505
1187335 40.235651
1187335 39.715034
1187311 40.027584
1187311 40.449705
1187300 40.495387
1187293 40.268043
1187233 45.216289
1187233 40.565194
1187205 39.869847
1187186 41.826026
1187186 40.439917
1187186 39.199734
1187163 40.019757
1187163 39.131758
1187148 40.393141
1187104 39.811776
1187104 41.493791
1187010 53.34115
1187001 44.432729
1187001 41.331481
1187001 39.481955
1187001 40.02296
1186973 40.113771
1186973 39.776781
1186973 40.730946
1186964 39.558909
1186956 39.913598
1186956 39.475866
1186956 39.890451
1186925 41.584196
1186925 40.643304
1186906 39.115653
1186829 39.719458
1186829 39.819216
1186829 39.667458
1186829 39.911671
1186818 38.965156
1186805 39.978904
1186770 39.052878
1186770 40.958031
1186761 49.24838
1186746 42.216605
1186746 42.274132
1186746 43.956904
1186746 40.422679
1186712 40.032856
1186712 38.777803
1186657 39.960144
1186657 40.419212
1186657 40.018643
1186657 40.161939
1186656 41.608602
1186622 40.412521
1186622 40.641277
1186622 40.173424
1186622 40.768113
1186589 39.894312
1186575 40.042159
1186575 40.491483
1186575 40.395257
1186569 39.864026
1186568 39.947776
1186559 41.06577
1186527 47.802856
1186503 42.185132
1186503 41.682206
1186503 39.830853
1186495 44.90445
1186495 40.063356
1186491 38.696588
1186476 40.042335
1186476 40.438434
1186476 39.313587
1186430 39.193665
1186430 50.176149
1186380 38.966647
1186343 39.398073
1186343 40.038427
1186343 39.381435
1186343 41.38803
1186331 40.100473
1186331 39.958222
1186331 41.942388
1186308 40.013952
1186308 40.740999
1186281 43.058997
1186281 44.032847
1186273 42.186651
1186229 60.892386
1186162 51.108793
1186162 39.421054
1186140 48.633847
1186140 39.482265
1186140 39.769859
1186140 40.817765
1186138 40.053457
1186049 40.419696
1186049 48.789055
1186049 40.383195
1186049 40.197628
1185996 39.573067
1185996 40.222599
1185996 39.794761
1185989 40.152918
1185989 41.453136
1185989 40.724252
1185989 40.748342
1185989 43.438267
1185989 40.935253
1185989 40.669216
1185957 40.676379
1185957 39.427028
1185957 40.069963
1185917 43.320613
1185917 41.361068
1185873 44.006029
1185865 39.969428
1185856 40.238422
1185807 40.962823
1185754 40.141693
1185747 46.455713
1185686 39.817456
1185655 40.285354
1185592 40.46565
1185592 41.069258
1185582 41.023741
1185563 39.598042
1185563 39.800548
1185563 40.054212
1185560 40.197482
1185539 40.714724
1185539 51.288236
1185506 40.113034
1185506 39.863609
1185506 40.875916
1185473 39.831455
1185473 41.898282
1185464 40.5916
1185455 41.877768
1185449 45.907986
1185449 40.412889
1185431 39.374411
1185409 43.16686
1185390 44.78587
1185390 40.346867
1185386 40.330258
1185386 39.635143
1185380 39.816237
1185380 39.965512
1185380 40.219613
1185380 39.36764
1185357 40.304441
1185302 39.48203
1185273 39.957592
1185273 48.980643
1185271 40.874091
1185245 39.594298
1185237 40.428034
1185237 39.941397
1185237 39.507189
1185237 40.069506
1185237 40.592711
1185237 41.926312
1185237 45.699658
1185179 39.890683
1185142 40.749065
1185131 39.927742
1185127 40.329898
1185124 40.514768
1185124 40.642485
1185117 39.262255
1185096 40.60812
1185096 39.529864
1185096 39.563969
1185096 40.820082
1185023 39.758867
1185011 39.762405
1185011 49.136646
1185011 47.28298
1184956 41.369814
1184956 41.077281
1184956 42.341256
1184942 39.699365
1184942 42.757185
1184942 41.001981
1184937 40.637791
1184935 43.735688
1184935 42.923102
1184935 52.236553
1184903 39.909006
1184889 42.786357
1184889 40.398868
1184881 40.553862
1184881 40.731985
1184874 39.927612
1184860 40.094324
1184860 40.54679
1184860 40.725388
1184818 40.442096
1184818 40.492875
1184818 44.565004
1184813 40.965235
1184813 40.90899
1184813 40.155708
1184813 39.715885
1184757 42.431059
1184698 40.08956
1184673 41.797058
1184673 43.961023
1184636 40.196601
1184604 40.941365
1184604 65.294054
1184596 46.335163
1184566 41.516977
1184554 42.913198
1184522 39.691425
1184514 39.816321
1184514 39.948769
1184503 39.514424
1184448 39.204287
1184448 40.793339
1184448 38.913215
1184448 40.721366
1184448 41.720293
1184448 48.712959
1184431 68.237783
1184419 60.002796
1184406 61.757092
1184381 52.324086
1184381 55.154043
1184366 49.315596
1184359 61.23265
1184349 100.177158
1184349 75.058457
1184337 50.10073
1184331 39.801727
1184331 40.425429
1184290 40.60939
1184290 40.030728
1184274 40.014774
1184274 39.687371
1184260 39.119472
1184260 40.122331
1184225 39.576194
1184221 44.72762
1184194 53.542347
1184145 45.017987
1184107 43.581775
1184107 44.456472
1184102 41.129052
1184082 40.726255
1184082 40.606206
1184077 40.583059
1184077 40.61848
1184077 45.049457
1184077 41.439478
1184077 40.192178
1184077 48.095622
1184029 40.566463
1184000 42.384629
1183991 39.998206
1183953 41.149779
1183953 41.224936
1183953 40.154689
1183953 40.60833
1183939 40.230874
1183933 40.100029
1183912 43.004121
1183886 51.392176
1183886 64.272102
1183886 82.334174
1183886 43.916919
1183886 40.391242
1183886 40.484695
1183886 43.446629
1183886 43.254539
1183848 44.717882
1183848 40.283892
1183848 39.954221
1183848 41.504951
1183832 43.298398
1183812 40.659313
1183812 40.112599
1183804 40.359236
1183804 40.534103
1183800 40.262061
1183800 40.268804
1183800 39.228217
1183800 41.497327
1183800 47.335914
1183800 47.879616
1183792 59.58302
1183792 102.311225
1183791 99.613298
1183791 46.613046
1183748 42.084444
1183748 46.721951
1183748 40.740551
1183744 42.001675
1183744 48.129089
1183744 88.302009
1183744 50.972675
1183744 46.05185
1183744 49.109482
1183744 45.111754
1183739 45.100285
1183731 45.899696
1183731 46.729349
1183720 46.076089
1183702 45.226798
1183702 44.468383
1183702 48.273995
1183662 43.691777
1183647 45.538076
1183647 52.591045
1183621 44.100944
1183603 46.041187
1183599 48.455989
1183599 42.245447
1183587 41.119567
1183524 40.899766
1183524 41.888917
1183524 41.766337
1183524 40.991222
1183524 40.33889
1183524 55.258446
1183524 60.28001
1183524 47.504831
1183524 43.656258
1183524 41.599009
1183524 52.86753
1183524 96.101009
1183472 79.845014
1183472 50.12519
1183472 43.489819
1183472 42.879943
1183440 45.877028
1183440 53.586183
1183440 53.81304
1183426 70.701123
1183426 65.165018
1183426 47.513737
1183426 41.030732
1183426 41.483683
1183426 44.512207
1183426 47.023186
1183400 44.350648
1183397 52.619863
1183397 56.146476
1183321 46.589512
1183321 44.425903
1183310 42.038602
1183277 47.05836
1183277 46.024497
1183270 43.273596
1183259 45.251517
1183259 50.292877
1183227 56.39352
1183153 51.252562
1183108 48.115959
1183108 43.601139
1183108 41.507921
1183108 42.298188
1183044 41.393145
1183039 45.572737
1183024 42.201683
1183024 40.350263
1183018 215.115242
1183018 138.553271
1183010 178.209665
1182979 132.24569
1182954 119.875002
1182954 80.064694
1182916 101.778276
1182916 120.556852
1182904 104.226319
1182904 110.888482
1182904 102.313229
1182904 65.187005
1182904 63.811393
1182904 72.623182
1182902 94.47613
1182891 216.72267
1182880 62.996617
1182880 56.090071
1182880 75.493355
1182879 112.837378
1182840 134.489717
1182840 88.044507
1182818 67.837976
1182818 53.496115
1182805 52.668742
1182775 42.853911
1182775 44.775728
1182775 46.18004
1182735 41.452588
1182710 42.613129
1182710 40.699462
1182710 42.700928
1182710 41.387628
1182710 42.669682
1182708 45.590995
1182708 43.099893
1182686 41.902678
1182686 53.421331
1182686 67.95765
1182675 44.382249
1182675 43.988063
1182590 42.628298
1182556 44.609606
1182540 42.613837
1182518 41.367759
1182518 42.771687
1182463 50.374422
1182453 42.972595
1182417 41.621069
1182417 46.312018
1182395 53.016994
1182395 44.96121
1182395 40.311894
1182341 40.908651
1182341 42.216607
1182325 40.904067
1182325 41.090918
1182289 41.155629
1182270 51.938206
1182270 105.802994
1182212 66.278654
1182138 68.131978
1182122 51.298053
1182093 43.323134
1182093 40.807284
1182093 49.22071
1182093 50.723694
1182093 44.255188
1182031 47.944152
1182031 42.757986
1182031 46.643408
1182022 51.467182
1182008 89.327975
1181942 47.755755
1181918 42.707024
1181918 43.092681
1181918 41.410459
1181892 47.863207
1181872 51.547721
1181830 43.175363
1181805 48.049023
1181805 63.664453
1181758 44.326141
1181747 48.620588
1181732 58.276032
1181732 50.058267
1181718 62.286591
1181706 50.344687
1181706 51.472013
1181685 52.271153
1181685 54.765196
1181685 59.441313
1181666 51.74154
1181666 46.746907
1181666 42.818468
1181656 55.739109
1181620 43.674266
1181620 58.007475
1181609 44.266824
1181609 42.02803
1181578 45.377233
1181550 41.640668
1181495 42.072084
1181492 41.61683
1181492 123.447719
1181492 136.5074
1181488 84.09181
1181488 66.42916
1181488 53.198731
1181488 50.897117
1181467 49.313951
1181443 53.390875
1181425 51.549842
1181422 60.11227
1181422 53.774776
1181422 47.572831
1181412 45.033786
1181408 50.385362
1181408 57.200165
1181408 42.842451
1181408 44.066196
1181408 43.295524
1181405 49.99632
1181334 44.253713
1181334 43.688444
1181334 43.813416
1181334 43.358702
1181331 44.555802
1181331 59.611847
1181331 74.11381
1181288 46.044704
1181288 48.024076
1181270 47.262659
1181259 51.813119
1181259 65.238485
1181247 44.045149
1181247 44.270899
1181239 42.21522
1181205 47.64567
1181205 41.895509
1181205 56.067166
1181171 45.717395
1181168 49.387535
1181151 44.086291
1181151 45.511928
1181151 51.767416
1181109 63.096708
1181109 68.361636
1181088 49.622289
1181087 51.718599
1181087 43.92222
1181087 40.888537
1181049 52.631425
1181049 42.086337
1181049 45.249053
1181032 44.081614
1181016 41.318239
1180953 40.443924
1180947 41.406439
1180937 41.376291
1180908 42.376796
1180883 42.9172
1180850 41.00489
1180832 41.625071
1180829 45.976815
1180783 40.873123
1180783 52.552918
1180758 64.878878
1180711 85.659638
1180705 69.810206
1180705 51.099989
1180676 49.378612
1180660 77.165986
1180660 53.246841
1180660 48.39178
1180660 48.223805
1180660 41.406585
1180660 41.505243
1180639 41.241817
1180639 42.450269
1180639 41.713045
1180594 41.361768
