8843 18.481896
8843 4.078485
8816 0.404358
8816 0.402103
8809 0.380874
8805 0.393958
8738 0.378155
8716 0.41169
8716 0.413457
8706 0.380257
8706 0.42852
8685 0.610705
8685 0.428951
8640 0.383488
8625 0.409322
8611 0.385677
8611 8.811727
8603 0.479386
8603 0.31664
8598 0.321465
8598 0.335398
8598 0.337336
8598 0.316998
8537 0.380705
8537 5.83401
8497 0.36725
8490 0.347832
8490 0.362612
8442 0.318895
8442 0.369925
8420 0.320432
8420 0.385578
8420 0.327918
8417 0.354742
8412 0.630374
8406 0.328413
8391 2.940297
8373 0.318179
8373 0.204364
8365 0.202203
8328 0.200937
8323 0.218675
8267 0.204521
8253 0.202315
8253 0.202096
8253 0.203621
8253 0.209134
8233 0.20454
8220 0.202181
8220 0.206044
8220 0.236426
8220 0.207516
8219 0.206585
8209 0.205192
8160 4.26439
8160 0.219854
8160 0.186129
8159 0.183807
8159 0.296622
8159 0.200711
8159 0.197191
8159 0.197969
8159 0.254978
8130 0.201121
8115 0.199904
8114 0.199226
8108 0.207303
8108 0.226624
8108 0.190808
8108 0.192428
8086 0.188334
8086 0.224111
8086 0.189586
8086 0.193155
8085 0.232427
8085 0.193809
8073 0.196991
8073 0.192191
8073 0.190908
8055 0.215353
8038 0.191884
8038 0.387963
8018 0.19163
8018 0.217198
8018 0.192254
7995 0.196314
7957 0.194794
7957 0.223283
7957 0.194897
7911 0.209882
7905 0.196072
7904 4.281329
7904 0.204847
7903 0.199521
7903 0.206522
7903 3.208907
7903 0.204148
7895 0.185624
7895 0.186729
7895 0.648162
7895 0.192407
7875 0.173936
7867 0.190342
7867 0.175281
7867 0.188395
7815 0.178301
7811 0.174835
7770 0.189669
7770 0.176359
7770 0.22022
7761 0.179585
7753 0.17464
7745 0.192493
7745 0.177765
7700 0.191104
7672 0.18101
7672 0.176782
7672 7.730469
7672 0.313287
7672 0.325397
7672 0.310193
7672 0.29677
7672 0.314754
7672 0.373565
7672 0.300376
7672 0.313099
7657 0.305891
7651 0.48123
7651 0.508105
7644 0.295117
7628 0.234878
7605 0.18991
7605 0.183468
7596 0.182095
7591 0.182413
7584 0.199756
7584 0.187748
7573 0.186103
7573 0.184324
7520 0.183781
7520 0.199429
7520 0.18671
7520 0.184614
7520 0.183616
7515 0.185525
7515 0.202521
7515 0.18794
7515 4.184921
7452 0.204456
7452 0.204329
7416 0.1918
7396 0.187302
7396 0.187476
7396 0.187625
7396 0.255624
7347 0.177603
7342 0.177504
7333 0.17193
7329 0.174541
7326 0.218452
7320 0.198579
7267 0.17568
7267 0.21584
7263 0.251165
7263 0.18486
7263 0.176351
7253 5.758049
7253 0.180424
7252 0.178097
7252 0.210523
7252 0.176859
7251 0.17267
7251 0.176026
7251 0.172951
7251 0.209277
7251 0.236061
7251 0.234942
7250 0.200677
7250 0.175254
7245 0.22191
7242 0.175989
7242 0.176558
7227 0.17532
7227 0.214572
7218 0.17647
7218 0.176553
7218 0.176601
7218 0.17598
7217 0.208796
7183 0.182176
7183 0.18005
7183 0.177239
7183 0.177907
7170 0.21357
7170 0.179287
7161 8.784887
7136 0.187036
7119 0.179943
7104 0.180365
7103 0.225456
7103 0.180852
7103 0.180181
7098 0.181422
7087 0.180421
7087 0.218704
7067 0.18267
7067 0.181369
7041 0.226955
7041 0.250649
7030 0.202206
7030 0.183243
7030 0.25652
7030 0.184003
7030 0.210856
7030 0.18369
7030 0.184142
6993 0.215881
6993 0.182173
6993 0.183479
6993 0.184545
6987 0.184641
6959 0.222373
6959 0.187842
6959 0.186459
6929 0.184391
6926 0.212601
6896 0.187374
6877 0.288864
6843 0.186737
6843 0.186406
6843 0.188511
6843 0.214095
6843 0.201265
6820 0.188989
6820 0.186514
6820 0.18578
6814 0.204098
6811 0.18895
6811 0.188003
6811 0.223547
6811 0.192076
6799 0.203891
6769 0.192227
6769 0.190636
6769 0.190121
6724 0.189754
6724 0.203795
6707 0.190725
6687 0.192092
6644 0.190832
6640 0.188986
6640 0.205814
6633 0.193161
6629 0.189937
6620 0.192526
6615 5.399154
6615 0.450843
6592 0.226992
6591 0.195332
6591 0.228045
6582 0.197653
6573 4.184113
6573 0.331118
6573 0.314242
6564 0.352934
6558 0.649875
6558 0.249078
6532 0.199664
6509 0.195995
6509 0.193658
6509 0.245731
6509 0.195026
6509 0.195598
6503 0.246984
6486 0.193648
6486 0.226427
6424 0.19787
6401 0.217322
6401 0.19808
6376 0.212466
6376 0.198662
6376 0.195994
6376 0.209412
6376 0.196471
6376 0.212567
6376 0.19791
6361 0.195547
6349 0.234134
6349 0.197871
6349 0.234507
6349 0.199253
6299 0.246571
6299 5.067168
6299 0.207662
6291 0.214
6291 0.202547
6279 0.215808
6279 0.198335
6248 0.212257
6248 0.202409
6248 0.198065
6248 0.213974
6248 0.199185
6220 0.224441
6220 0.201794
6220 0.240847
6219 0.245918
6199 3.292151
6199 0.213912
6199 0.202195
6199 0.203806
6196 0.202056
6191 0.212878
6191 0.203029
6174 0.204172
6174 0.202965
6168 0.217052
6158 0.204776
6122 0.205442
6122 0.202898
6122 0.228272
6114 0.205039
6079 0.208166
6046 0.206279
6026 0.205784
6016 0.242042
6014 0.206478
6014 0.205475
6014 0.224753
6012 8.704398
6010 0.401477
6010 0.273882
6009 0.22015
6008 0.212586
6008 0.249524
6008 0.208376
6008 0.208128
6008 0.216335
6006 0.209245
6006 0.26531
6006 0.212602
6006 0.24151
6006 0.211207
6006 0.221968
6006 0.211966
6006 0.208393
6005 0.208922
5999 0.209046
5999 0.223722
5999 0.210939
5999 0.210109
5989 0.208658
5978 0.22409
5978 0.213224
5977 0.216866
5973 0.213046
5973 0.213078
5972 0.27064
5972 0.213991
5964 0.21269
5964 0.211625
5961 7.628064
5961 0.701854
5961 0.214463
5949 0.213204
5921 0.227405
5921 0.216114
5921 0.21456
5891 0.213464
5891 0.279372
5891 0.215146
5891 0.213589
5856 0.212303
5856 0.240694
5856 0.263789
5856 0.240602
5856 0.215189
5856 4.177414
5856 0.223628
5856 0.214962
5856 0.219139
5856 0.249906
5854 0.227423
5854 0.296738
5854 0.219997
5839 0.222617
5821 0.216449
5808 0.268284
5782 0.21955
5782 0.217571
5780 0.216829
5780 0.266703
5750 0.218285
5750 0.221094
5750 0.217512
5750 0.219651
5736 0.230313
5727 0.218406
5727 0.244927
5727 0.218115
5727 4.191131
5727 0.2233
5712 0.223997
5712 0.257134
5712 0.229248
5712 0.222552
5712 3.707873
5712 0.222857
5694 0.220722
5673 0.240459
5673 0.222662
5668 0.223641
5657 0.223099
5657 0.221495
5637 0.234055
5631 0.222594
5631 0.248784
5629 0.22461
5624 0.236713
5624 0.226527
5624 4.211696
5624 0.244393
5624 0.226801
5600 0.264726
5590 0.2246
5590 0.244382
5590 0.409977
5590 0.225648
5562 0.225982
5562 0.28787
5562 0.226459
5562 0.227753
5562 0.226294
5551 0.240902
5551 0.227378
5548 4.252955
5548 0.252846
5548 0.229128
5537 0.22717
5537 0.228112
5537 0.302864
5537 0.231985
5537 0.229087
5537 0.23005
5537 0.248048
5537 0.232901
5537 0.233317
5532 0.406956
5532 0.275898
5524 0.22896
5524 0.269051
5524 0.243437
5524 4.188648
5515 0.235983
5509 0.463934
5509 0.234448
5509 0.231868
5509 0.232453
5498 0.248444
5498 0.645969
5497 0.236094
5476 0.269586
5476 0.231726
5474 0.292183
5451 0.233666
5451 0.230976
5451 0.231724
5438 0.451043
5438 0.24636
5427 0.235677
5427 0.272319
5427 0.233167
5427 0.234235
5427 0.233656
5421 0.248038
5421 0.234878
5421 0.289781
5421 4.490299
5413 0.242309
5413 0.248865
5413 0.250311
5406 0.236753
5406 0.254113
5406 0.324602
5406 0.319759
5379 0.235109
5379 0.251294
5379 0.238236
5363 0.251955
5363 0.237159
5302 0.46109
5302 4.302506
5302 0.24447
5302 0.256954
5302 0.240297
5302 0.253886
5302 0.240473
5302 0.250581
5302 0.239456
5302 0.252915
5302 0.274983
5302 0.253663
5284 0.267522
5284 0.249782
5283 0.239331
5283 0.245976
5283 4.310474
5271 0.34574
5271 0.243682
5271 0.279952
5271 0.243745
5271 0.241659
5267 0.242066
5267 0.288026
5195 0.319578
5195 0.264279
5195 0.323635
5195 0.244363
5195 0.274511
5195 0.24689
5195 4.756642
5195 0.292313
5195 0.251721
5195 0.249268
5195 0.253241
5195 0.26209
5195 0.249076
5195 0.245481
5195 0.24818
5195 0.318053
5186 0.248206
5186 0.247853
5186 0.350548
5186 0.247282
5186 4.246834
5186 0.290906
5186 0.251004
5186 0.248924
5179 0.250968
5179 0.290369
5174 0.251078
5155 0.252391
5155 0.250697
5155 0.29094
5146 0.272835
5146 0.275893
5108 0.28334
5108 0.256226
5108 4.74928
5103 0.262561
5096 0.25554
5096 0.291016
5062 0.252821
5060 0.255116
5060 6.896351
5060 0.265936
5055 0.252881
5055 0.254773
5055 0.251339
5050 0.287229
5050 0.254593
5050 0.252289
5050 0.252037
5050 0.509868
5050 0.353626
5050 0.316371
5050 0.256757
5050 0.256506
5050 0.253438
5050 0.290856
5050 0.255762
5050 0.253836
5050 0.461657
5050 0.255873
5050 0.254897
5050 0.449108
5039 0.256993
5039 0.278488
5031 4.411048
5022 0.26334
4999 0.289056
4999 0.306165
4999 0.268991
4999 0.256768
4973 0.314215
4973 0.257813
4962 6.2418
4962 0.330233
4962 0.267782
4962 0.258788
4962 0.262156
4962 0.262903
4962 0.260462
4962 0.297703
4962 0.260577
4958 0.262921
4941 0.361621
4941 0.284045
4941 0.295331
4941 0.264475
4934 0.30013
4934 0.268114
4934 0.262113
4934 0.297275
4919 0.263037
4918 0.266051
4918 0.261517
4918 0.296617
4914 0.265106
4914 0.263469
4879 0.320042
4869 0.268268
4869 4.742397
4869 0.268396
4869 0.268299
4869 0.302327
4869 0.264417
4869 0.265862
4840 0.271592
4840 0.29814
4820 0.268516
4817 0.264236
4817 0.305866
4817 0.267081
4817 0.266683
4817 0.276486
4817 3.784929
4804 0.305936
4801 0.302784
4801 0.26694
4794 0.303525
4794 0.268523
4789 0.268952
4789 0.267174
4789 0.313205
4789 0.48089
4785 0.305431
4785 0.276863
4767 0.512703
4767 4.29292
4765 0.288195
4765 0.275517
4765 0.310719
4765 0.270705
4765 0.321705
4765 0.308657
4763 0.274227
4749 0.287594
4749 6.070067
4744 0.325627
4744 0.27176
4744 0.314144
4731 0.271235
4731 0.30973
4731 0.30528
4731 0.273795
4730 0.315256
4730 0.270906
4728 0.310013
4723 0.386018
4723 0.361556
4723 0.306053
4699 0.319927
4699 0.275945
4699 0.308127
4699 0.306168
4699 0.275559
4699 0.307825
4699 0.273875
4699 0.30709
4699 0.279717
4699 4.593172
4699 0.286233
4688 0.276108
4680 0.314194
4680 0.277765
4667 0.308293
4664 0.30755
4660 0.498933
4660 0.276334
4642 0.317601
4642 0.476513
4642 4.396635
4642 0.282967
4642 0.28267
4634 0.343461
4632 0.295601
4618 0.278087
4618 0.321645
4616 0.311719
4609 0.279835
4609 0.303052
4599 0.318133
4599 0.279525
4599 0.284224
4599 5.511653
4594 0.286995
4594 0.323545
4586 0.322282
4579 0.288471
4579 0.326345
4579 0.522989
4579 0.352234
4579 0.283505
4579 0.302386
4558 7.698687
4558 0.308381
4558 0.5425
4558 0.283198
4558 0.313198
4541 0.308412
4541 0.276654
4541 0.322605
4541 0.480433
4541 0.280836
4541 0.337772
4541 0.304094
4541 0.281025
4539 0.32173
4539 0.466782
4539 0.281639
4524 0.314074
4503 0.298459
4478 0.278272
4478 0.329357
4478 0.480678
4459 0.31559
4459 0.281798
4459 4.392873
4459 0.369792
4459 0.318343
4452 0.54351
4450 0.286123
4450 0.28012
4450 0.337235
4449 0.285145
4449 0.284662
4449 0.511022
4449 0.285915
4417 0.312826
4417 8.188608
4417 0.879416
4417 0.283714
4417 0.497817
4417 0.318375
4417 0.28556
4417 0.299801
4417 0.31901
4417 0.281589
4417 0.497011
4405 0.283829
4405 0.28484
4405 0.29565
4405 0.337054
4405 0.286308
4405 0.522371
4405 0.288122
4405 0.284497
4404 0.331829
4404 0.287114
4404 0.287301
4404 0.517302
4404 0.288425
4404 4.738596
4404 0.331456
4404 0.327022
4404 0.290654
4404 0.495012
4398 0.322857
4394 0.289096
4394 0.295409
4394 0.324933
4394 0.288965
4394 4.547454
4394 0.292644
4394 0.291858
4394 0.322178
4394 0.290203
4394 0.289577
4394 0.323516
4382 0.29129
4382 0.506606
4382 0.347172
4382 0.291504
4379 0.292655
4379 4.333487
4379 0.872834
4379 0.299949
4379 0.34078
4379 0.372499
4379 13.874873
4379 0.306295
4379 0.639665
4379 0.29444
4379 0.332612
4379 0.324082
4379 0.296005
4379 0.505287
4371 0.336508
4371 0.335664
4371 0.313352
4371 11.937301
4371 0.352245
4363 0.696318
4363 0.386535
4363 0.34025
4363 0.319221
4363 0.337504
4363 0.538009
4363 0.336114
4363 0.353835
4363 0.335151
4363 12.869331
4360 0.343336
4360 0.614641
4355 0.339693
4355 0.327292
4352 0.339028
4352 0.357257
4352 0.559407
4352 7.94806
4343 0.40844
4337 0.355145
4334 0.344713
4334 0.341206
4334 0.368062
4320 0.327323
4320 0.354546
4320 0.35716
4320 0.329756
4320 0.341621
4320 3.917701
4320 0.360859
4316 0.816484
4316 0.389098
4316 0.352596
4316 0.328344
4316 0.362568
4316 0.345074
4316 0.338596
4316 0.347719
4308 0.355864
4305 4.485532
4298 0.439008
4267 0.335925
4267 0.333105
4267 0.355695
4267 0.339395
4267 0.303462
4267 0.357188
4267 0.336328
4267 0.308665
4262 0.357168
4262 4.397576
4255 0.337651
4255 0.381446
4255 0.363667
4240 0.330951
4240 0.357711
4240 0.331311
4240 0.35576
4240 0.34822
4240 0.31162
4240 0.319887
4240 4.415284
4239 0.340073
4239 0.358537
4239 0.379439
4239 0.323706
4239 0.313512
4239 0.329615
4239 0.322942
4239 0.310305
4239 0.351161
4239 0.324144
4239 0.312306
4217 4.417995
4217 0.341331
4217 0.31228
4210 0.353457
4205 0.346146
4191 0.309736
4167 0.339852
4167 0.329172
4167 0.313185
4167 0.352975
4167 0.374086
4166 8.417814
4166 0.422166
4166 0.321527
4166 0.360851
4166 0.360706
4160 0.321348
4160 0.350697
4160 0.358222
4160 0.342746
4160 0.329302
4160 0.349387
4160 0.376593
4160 0.319019
4160 0.35916
4160 0.35575
4160 0.316239
4160 0.357792
4160 6.426594
4160 0.385866
4157 0.413897
4157 0.331693
4157 0.35584
4132 0.358965
4124 0.321889
4124 0.352113
4124 0.385802
4124 0.366693
4123 0.323356
4119 0.387858
4118 0.366565
4118 0.344551
4118 0.322428
4118 0.356005
4118 0.35429
4118 0.320633
4118 0.355057
4118 6.034341
4118 0.379968
4118 0.356765
4118 0.321629
4118 0.35462
4118 0.351908
4118 0.322095
4116 0.38681
4104 0.372698
4104 0.381991
4104 0.326331
4104 0.356963
4104 0.36111
4104 0.325023
4104 0.355356
4104 0.356426
4104 0.350877
4104 0.327552
4104 0.39029
4092 0.405058
4092 4.470803
4092 0.382032
4049 0.435445
4049 0.586565
4049 0.642727
4049 0.388916
4049 0.370016
4049 0.364447
4036 0.346623
4036 4.458908
4036 0.354614
4036 0.355181
4031 0.327445
4010 0.363166
4010 0.31912
4010 0.327782
3976 0.36173
3975 0.317546
3975 0.331592
3975 0.361078
3975 0.325634
3970 4.727539
3970 0.338344
3970 0.376504
3955 0.334746
3955 0.328309
3955 0.361708
3945 0.331061
3945 0.332914
3945 0.356727
3945 0.334153
3938 0.387452
3938 0.357618
3936 0.365507
3936 0.37406
3933 0.333498
3910 0.331303
3910 0.373275
3890 0.327274
3890 0.334442
3878 0.376204
3878 0.325607
3862 8.721571
3851 0.34932
3851 0.388594
3851 0.334919
3851 0.391326
3851 0.327896
3851 0.336101
3851 0.378037
3851 0.331041
3851 0.335196
3851 0.372259
3844 0.364014
3844 0.370191
3844 0.353519
3844 0.363508
3844 0.376402
