241 1.761337
241 0.078141
232 0.38874
200 0.055745
190 0.112134
176 0.348148
176 0.094443
164 0.052808
164 0.054764
164 0.292889
164 0.057066
164 0.986145
155 0.633031
155 0.555375
155 0.313646
155 0.46289
155 0.073042
155 0.044435
145 0.041941
145 0.043832
145 0.097552
145 0.056492
145 0.071629
145 0.048539
140 0.047905
140 0.102059
140 0.047207
140 0.058794
120 0.048892
120 0.050327
120 0.059041
120 0.095286
120 0.055986
105 0.057648
105 0.083397
105 0.0576
105 0.135299
105 0.061622
102 0.061267
84 0.062564
84 0.061245
84 0.102827
84 0.064119
84 0.064315
84 0.06455
84 0.066768
84 0.110559
84 0.066538
84 0.09951
82 0.073569
82 0.068905
82 0.073155
82 0.069902
82 0.069241
71 0.070613
64 0.110146
64 0.07386
64 0.073612
64 0.072776
64 0.073135
64 0.110136
64 0.077534
64 0.076692
64 0.077167
64 0.089426
64 0.07876
64 0.077045
64 0.083165
64 0.079707
64 0.145905
64 0.079648
64 0.082339
64 0.08282
64 4.086028
64 0.050961
56 0.042029
56 0.038785
56 0.037337
56 0.040391
56 0.116576
56 0.037455
56 0.220735
56 0.038355
56 0.839297
56 0.039032
56 0.04419
56 0.041289
56 3.460819
56 0.052
56 0.041685
56 0.040296
56 0.040725
56 0.05193
56 0.04191
56 0.043731
56 0.073958
56 0.040039
56 1.426581
56 0.057098
56 0.04346
56 0.039585
56 0.040995
56 0.041242
56 1.515356
56 0.178473
56 0.032496
52 0.043441
52 0.030124
52 0.097885
52 0.028534
48 0.030664
48 0.030906
48 0.029762
48 0.028344
48 0.029662
48 0.030734
48 2.487169
48 0.034291
48 0.026715
48 0.023689
48 0.063513
48 0.021918
48 0.021904
48 0.022377
48 0.061286
48 0.020402
47 0.023358
47 0.028938
47 0.025662
47 0.021369
47 0.023265
47 0.02318
47 0.022477
47 0.020609
47 0.037749
47 0.023547
47 0.022957
47 0.022028
47 0.023628
47 0.024394
47 0.035825
47 0.027271
47 0.024863
47 0.022245
47 0.095717
47 0.024434
42 0.025015
42 0.025106
42 0.025881
42 0.027519
42 0.026063
42 0.025358
40 0.025303
40 0.054493
40 0.023991
39 0.02625
39 0.024379
39 0.029325
39 0.024481
39 0.027111
39 0.027195
39 0.025525
39 0.025868
39 0.032159
39 0.026948
39 0.024435
39 0.027882
39 0.029655
39 0.02486
39 0.023325
39 0.028479
39 0.028086
39 0.080348
39 0.029337
39 0.029992
39 0.027735
39 0.028545
39 0.028306
39 0.030032
39 0.028252
39 0.028378
39 0.04137
39 0.033769
39 0.029292
39 0.026375
39 0.025365
39 0.029115
39 0.029437
39 0.028029
39 0.031433
39 0.0302
39 0.030996
39 0.027243
39 0.025856
39 0.030544
39 0.029602
36 0.030809
36 0.02969
36 0.031124
36 0.02718
36 0.055705
36 0.030297
36 0.032617
36 0.027802
36 0.027895
36 0.026551
36 0.02699
36 0.030252
36 0.026643
36 0.065404
36 0.044251
36 0.03941
36 0.03476
36 0.036957
36 0.030545
36 0.0327
36 0.034474
36 8.160148
36 0.038718
36 0.034307
36 0.027426
33 0.030101
33 0.026005
33 0.062159
33 0.023727
33 0.076408
31 0.028913
31 0.024797
31 0.031239
31 0.024125
31 0.023609
31 0.78644
31 0.062138
31 0.031182
31 0.027299
31 0.032151
31 0.025619
31 0.029321
31 0.057743
31 0.02656
31 0.028647
31 0.02716
31 0.025048
31 0.023187
31 0.025455
31 0.023759
31 0.025178
31 0.024174
31 0.022554
31 0.043898
31 0.03657
31 0.030913
31 0.034256
31 0.098268
31 0.037702
31 0.032581
31 0.04487
31 0.031411
31 0.077845
31 0.02955
31 0.029718
31 0.02402
31 0.022955
31 0.028255
31 0.025096
31 0.027797
31 0.024592
31 0.022786
31 0.022938
31 0.056048
31 0.027931
31 0.026383
31 0.026623
31 0.030879
31 0.024429
31 0.027888
31 0.025218
29 0.029398
29 0.029654
29 0.028219
29 0.02916
29 0.056393
25 0.038439
25 0.031684
25 0.038213
25 0.029944
25 0.025704
25 0.028225
25 0.026092
25 0.02871
25 0.02515
25 0.046898
25 0.035948
25 0.03123
25 0.030067
25 0.031787
25 0.026311
25 0.035172
25 0.044032
25 0.026258
25 0.027486
25 0.025352
25 0.028456
25 0.030984
25 0.030066
25 0.031328
25 0.027651
25 0.030262
25 0.026915
24 0.066007
24 0.027746
24 0.024858
24 0.030053
24 0.02989
24 0.026619
24 0.025275
24 0.024813
24 0.05633
24 0.044335
24 0.05824
24 0.051448
24 0.038887
24 0.072513
24 0.027527
24 0.027017
24 0.031261
24 0.026626
24 0.030601
24 0.027566
24 0.029092
24 0.030929
24 0.027153
24 0.029888
24 0.036717
24 0.03198
24 0.033068
24 0.028608
24 0.027057
24 0.030141
24 0.027308
24 0.025828
24 0.028955
24 0.031888
24 0.03272
24 0.029721
24 0.063859
24 0.034477
24 0.031389
24 0.028122
24 0.026327
24 0.030116
24 0.033322
24 0.028623
24 0.02934
24 0.027792
23 0.030461
23 0.031965
23 0.052395
23 0.034294
23 0.029022
23 0.026896
23 0.032425
23 0.029916
23 0.029335
23 0.026865
23 0.027391
23 0.032069
23 0.033301
23 0.033201
23 1.652014
23 0.043842
23 0.033509
23 0.030863
23 0.036387
23 0.030433
23 0.033585
23 0.071625
23 0.031246
23 0.027893
23 0.028971
23 0.027141
23 0.026342
23 0.030507
23 0.076345
23 0.045315
23 0.035451
23 0.028806
23 0.032022
23 0.068225
23 0.030734
23 0.026547
23 0.025974
23 0.025593
23 0.032462
23 0.030494
23 0.033543
23 0.029961
23 0.031853
23 0.030155
23 0.031467
23 0.033938
23 0.092517
23 0.0364
23 0.035353
23 0.035442
23 0.04717
23 0.032174
23 0.028333
23 0.026899
23 0.026233
23 0.02687
23 0.026038
23 0.066379
23 0.029147
23 0.031506
23 0.035306
23 0.050866
23 0.02979
23 0.02836
23 0.027229
23 0.031457
23 0.029539
23 0.031109
23 0.031433
23 0.060486
23 0.041327
23 0.02793
23 0.032216
23 0.033477
23 0.031357
23 0.028745
23 0.028049
23 0.031752
23 0.028245
23 0.033547
23 0.030522
23 0.029461
23 2.920919
23 0.043677
23 0.039258
23 0.035861
23 0.034229
23 0.02934
23 0.028078
23 0.026149
23 0.027643
23 0.025623
23 0.024202
23 0.032756
23 0.02351
23 0.023218
23 0.057704
23 0.032811
23 0.027249
23 0.026147
23 0.027722
23 0.033459
23 0.035775
23 0.032881
23 0.030128
23 0.043719
23 0.027689
23 0.029947
23 0.066739
23 0.032689
23 0.030813
23 0.031253
23 0.026904
23 0.029905
23 0.025857
23 0.024497
23 0.023972
23 0.023711
23 0.02363
23 0.023745
23 0.023518
23 0.029456
23 0.06538
23 0.032515
23 0.028611
23 0.033046
23 0.029711
23 0.031582
23 0.027254
23 0.031753
23 0.030857
23 0.028512
23 0.026687
23 0.026184
23 0.033587
23 0.041515
23 0.039817
23 0.027066
23 0.026155
23 0.031847
23 0.036142
23 0.034086
22 0.034302
22 0.029084
22 0.027592
22 0.03088
22 0.028596
22 0.030949
22 0.060879
22 0.027847
22 0.025205
22 0.031031
22 0.03169
22 0.029291
22 0.02761
22 0.026347
22 0.027174
22 0.029924
22 0.03118
22 0.030253
22 0.030578
22 0.070792
22 0.046125
22 0.044045
22 0.055976
22 0.037643
22 10.626626
22 0.088401
22 0.043882
22 0.036529
22 0.030164
22 0.033877
22 0.029956
22 0.02838
22 0.032385
22 0.033925
21 0.03585
21 0.064714
21 0.03031
21 0.032943
21 0.028712
21 0.027404
21 0.026644
21 0.026085
21 0.025649
21 0.032592
21 0.031123
21 0.028276
21 0.027362
21 0.028206
21 0.026836
21 0.030222
21 0.065471
21 0.045583
21 0.054695
21 0.045665
21 0.033105
21 0.035101
21 0.041865
21 0.029039
21 0.027391
21 0.042005
21 0.08722
21 0.040068
21 0.038887
21 0.030937
21 0.034972
21 0.038657
21 0.038422
21 0.038364
21 0.033529
21 0.029546
21 0.071329
21 0.033203
21 0.029337
21 0.035188
21 0.033489
21 0.029826
21 0.031937
21 0.035693
21 0.032394
21 0.031798
21 0.03463
21 0.029942
21 0.068893
21 0.038688
21 0.034555
21 0.03588
21 0.031743
21 0.02905
21 0.027712
21 0.032598
21 0.03293
21 0.030098
21 0.027819
21 0.027199
21 0.026657
21 0.055118
21 0.039836
21 0.033287
21 0.033321
21 0.029071
21 0.027806
21 0.026672
21 0.02645
21 0.029417
21 0.03617
21 0.036607
21 0.038034
21 0.033552
20 0.058178
20 0.034969
20 0.033114
20 0.028723
20 0.027351
19 0.035126
19 0.033966
19 0.030224
19 0.034815
19 0.030081
19 0.03009
19 0.02748
19 0.030659
19 0.028172
19 0.058905
19 0.027452
19 0.033555
19 0.030101
19 0.032191
19 0.030305
19 0.028766
19 0.027827
19 0.027072
19 0.026562
19 0.026651
19 0.025854
19 0.028575
19 0.026266
19 0.037036
19 0.038735
19 0.026036
19 0.025875
19 0.031093
18 0.034899
18 0.032315
18 0.036335
18 0.034381
18 0.03096
18 0.034942
18 0.031994
18 0.035888
18 0.059511
18 0.044971
18 0.032191
18 0.02962
17 0.034912
17 0.035399
17 0.035123
17 0.03079
17 0.032798
17 0.02993
17 0.031924
17 0.033561
17 0.030694
17 8.113553
17 0.061866
17 0.041467
17 0.03224
17 0.029249
17 0.033173
17 0.030227
17 0.036135
17 0.037377
17 0.068817
17 0.030541
17 0.02902
17 0.034133
17 0.035475
17 0.031888
17 0.034419
17 0.033411
17 0.029777
17 0.033213
17 0.033653
17 0.033781
17 0.043118
17 0.050897
17 0.028118
17 0.028006
17 0.030265
17 0.033391
17 0.070667
17 0.039895
17 0.033308
17 0.035475
16 0.035741
16 0.031853
16 0.035603
16 0.030108
16 0.03143
16 0.033882
16 0.030703
16 0.029465
16 0.039986
16 0.040479
16 0.027616
16 0.02963
16 0.027787
16 0.035398
16 0.031855
16 0.030211
16 0.029437
16 0.028358
16 0.027604
16 0.027075
16 0.027203
16 0.026876
16 0.033208
16 0.064709
16 0.031194
16 0.033475
16 0.063277
16 0.029548
16 0.031411
16 0.029899
16 0.033764
16 0.031482
16 0.029562
16 0.028717
16 0.028048
16 0.032765
16 0.055447
16 0.031249
16 0.029106
16 0.028547
16 0.027512
16 0.0359
16 0.033218
16 0.031579
16 0.029844
16 0.028463
16 0.037906
16 0.035156
16 0.031987
16 0.053486
16 0.038379
16 0.027588
16 0.027098
16 0.033717
16 0.030261
16 0.037238
16 0.034301
16 0.031645
16 0.030216
16 0.029551
16 0.028293
16 0.027579
16 0.027494
16 0.083008
16 0.028731
16 0.026805
16 0.031598
16 0.029248
16 0.028065
16 0.027689
16 0.031044
16 0.029409
16 0.037074
16 0.037094
16 0.035707
16 0.031791
16 0.060705
16 0.030783
16 0.028544
16 0.036735
16 0.034177
16 0.030975
16 0.029409
16 0.030952
16 0.041042
16 0.040516
16 0.040254
16 0.040646
16 0.053142
16 0.0353
16 0.040456
16 0.028968
16 0.033036
16 0.029496
16 0.032426
16 0.030835
16 0.028759
16 0.029507
16 0.02854
16 0.028062
16 0.028463
16 0.027274
16 0.06191
16 0.037373
16 0.032042
16 0.03058
16 0.028989
16 0.028669
16 0.037882
16 0.038237
16 0.034048
16 0.032198
16 0.030182
16 0.034093
16 0.03418
16 0.066358
16 0.038248
16 0.036121
16 0.03668
16 0.033218
16 0.030984
16 0.029854
16 0.029173
16 0.033504
16 0.031506
16 0.029821
16 0.02939
16 0.028381
16 5.602699
16 0.056699
16 0.036271
16 0.051677
16 0.032044
16 0.030195
16 0.029476
16 0.028975
16 0.028261
16 0.027854
16 0.027315
16 0.064099
16 0.028996
16 0.027332
16 0.027308
16 0.026902
16 0.034051
16 0.03088
16 0.029368
16 0.035801
16 0.035941
16 0.031982
16 0.030366
16 0.030098
16 0.029111
16 0.088092
16 0.031067
16 0.028656
16 0.028412
16 0.028004
16 0.02783
16 0.027692
16 0.027615
16 0.027678
16 0.02741
16 0.028516
16 0.029706
16 0.036394
16 0.044294
16 0.033959
16 0.030177
16 0.037081
16 0.033988
16 0.035648
16 0.03254
16 0.030696
16 0.02959
16 0.02898
16 0.032215
16 0.030284
16 0.033984
16 0.043111
16 0.060071
16 0.03576
16 0.031081
16 0.029758
16 0.029723
16 0.028556
16 0.028044
16 0.027636
16 0.027269
16 0.027415
16 0.027335
16 0.027442
16 0.027297
16 0.027542
16 0.058663
16 0.02807
16 0.027194
16 0.029096
16 0.028482
16 0.027068
16 0.027269
16 0.027102
16 0.034723
16 0.032646
16 0.031018
16 0.036034
16 0.033311
16 0.035135
16 0.081725
16 0.032163
16 0.035252
16 0.031406
16 0.029937
16 0.029225
16 0.02942
16 0.031026
16 0.028493
16 0.028186
16 0.028256
16 0.033572
16 0.031798
16 0.06172
16 0.031815
16 0.029256
16 0.028864
16 0.028436
16 0.028375
16 0.028128
16 0.027701
16 0.06375
16 0.038311
16 0.038153
16 0.032131
16 0.042519
16 0.032688
16 0.042011
16 0.032995
16 0.029654
16 0.029348
16 0.038274
16 0.034448
16 0.032376
16 0.038921
16 0.033335
16 0.031537
16 0.030451
16 0.044269
16 0.032731
16 0.064169
16 0.031438
16 0.028778
16 0.0285
16 0.029936
15 0.035921
15 0.032869
15 0.031062
15 0.029816
15 0.028922
15 0.034106
15 0.03201
15 0.044807
15 0.052235
15 0.032924
15 0.03066
15 0.030288
15 0.032983
15 0.030125
15 0.030038
15 0.027827
15 0.035432
15 0.033871
15 0.031078
15 0.029848
15 0.034103
15 0.038219
15 0.053524
15 0.043229
15 0.030672
15 0.029193
15 0.032701
15 0.029425
15 0.031345
15 0.03283
15 0.035999
15 0.034317
15 0.031139
15 0.029898
15 0.029013
15 0.060327
15 0.02886
15 0.028046
15 0.027628
15 0.03625
15 0.032972
15 0.031255
15 0.03135
15 0.029275
15 0.028927
15 0.029411
15 0.033331
15 0.030921
15 0.029453
15 0.063651
15 0.030879
15 0.03287
15 0.029588
15 0.028506
15 0.03409
15 0.032721
15 0.030259
15 0.029561
